119,58
16254891,1943
16255711,1941
16256092,1935
16257019,1929
16257732,1923
16258058,1917
16258940,1921
16259490,1930
16259996,1940
16260790,1952
16261094,1956
16261624,1954
16262322,1953
16262548,1955
16263185,1957
16263939,1960
16264014,1958
16264672,1962
16265252,1968
16265392,1973
16266153,1975
16266360,1974
16266574,1969
16267411,1979
16267599,1995
16267842,2007
16268462,2018
16268533,2024
16268960,2028
16269545,2032
16269568,2036
16270040,2030
16270383,2024
16270421,2018
16271051,2022
16271293,2029
16271358,2027
16271973,2024
16272060,2029
16272209,2039
16272656,2052
16272675,2056
16272981,2064
16273565,2073
16273204,2066
16273746,2057
16273894,2058
16273843,2063
16274374,2072
16274504,2070
16274510,2069
16274969,2083
16274803,2091
16275021,2096
16275499,2098
16275277,2095
16275400,2087
16275753,2081
16275502,2077
16275728,2082
16276034,2092
16275654,2097
16275889,2094
16276118,2093
16275911,2093
16276168,2100
16275964,2110
16275745,2108
16276033,2089
16275937,2083
16275815,2081
16276053,2081
16275634,2079
16275811,2079
16275902,2084
16275394,2087
16275555,2091
16275511,2093
16275153,2093
16275327,2100
16275130,2109
16274915,2111
16275071,2111
16274849,2113
16274586,2117
16274849,2118
16274371,2118
16274382,2119
16274509,2123
16274076,2108
16274081,2090
16274042,2068
16273706,2046
16273963,2039
16273728,2045
16273412,2052
16273590,2066
16273339,2074
16273121,2075
16273293,2074
16273074,2068
16272938,2053
16273036,2055
16272683,2061
16272760,2075
16272800,2082
16272424,2074
16272638,2071
16272517,2069
16272264,2071
16272453,2069
16272335,2066
16271976,2064
16272288,2065
16271963,2069
16271929,2068
16272153,2067
16271543,2066
16271843,2065
16271944,2064
16271578,2059
16271731,2063
16271615,2066
16271278,2062
16271525,2064
16271354,2078
16271189,2090
16271280,2101
16271062,2089
16271029,2078
16271107,2077
16270812,2071
16270836,2058
16271028,2061
16270576,2057
16270700,2054
16270781,2061
16270359,2068
16270565,2067
16270430,2069
16270178,2092
16270234,2097
16269993,2100
16270014,2092
16270080,2077
16269657,2064
16269697,2057
16269760,2063
16269527,2066
16269497,2065
16269565,2061
16269146,2061
16269256,2076
16269196,2086
16268825,2085
16269014,2082
16268708,2074
16268494,2062
16268726,2055
16268451,2055
16268317,2060
16268472,2066
16267937,2062
16268050,2059
16268055,2057
16267609,2058
16267616,2063
16267617,2073
16267290,2077
16267448,2082
16267296,2085
16267037,2083
16267070,2079
16266892,2069
16266746,2058
16266782,2062
16266377,2066
16266297,2073
16266382,2077
16265968,2079
16266113,2081
16266030,2078
16265585,2073
16265755,2071
16265539,2071
16265169,2067
16265447,2067
16265021,2066
16264798,2057
16265062,2047
16264457,2040
16264487,2040
16264724,2043
16264214,2049
16264155,2051
16264165,2052
16263577,2050
16263749,2047
16263594,2056
16263259,2065
16263345,2080
16263088,2073
16262863,2066
16263012,2062
16262481,2058
16262417,2055
16262447,2055
16262012,2037
16262031,2042
16262025,2045
16261639,2047
16261665,2055
16261494,2064
16261101,2060
16261162,2055
16260918,2054
16260702,2051
16260791,2070
16260436,2061
16260177,2058
16260342,2059
16259737,2061
16259696,2062
16259770,2061
16259350,2051
16259434,2066
16259271,2072
16258834,2071
16259017,2066
16258716,2060
16258432,2052
16258586,2048
16258154,2046
16257891,2054
16258118,2061
16257645,2061
16257480,2056
16257562,2050
16256992,2044
16257047,2046
16256965,2056
16256463,2066
16256635,2083
16256287,2093
16255939,2096
16256231,2091
16255675,2074
16255547,2056
16255609,2041
16255224,2028
16255085,2027
16255172,2038
16254646,2051
16254727,2051
16254726,2051
16254171,2052
16254269,2055
16254095,2059
16253822,2067
16253885,2075
16253536,2078
16253191,2071
16253379,2069
16252882,2059
16252732,2046
16252806,2042
16252316,2044
16252292,2057
16252295,2075
16251849,2082
16251883,2077
16251742,2071
16251263,2058
16251454,2051
16251174,2041
16250811,2023
16250879,2009
16250575,2016
16250233,2027
16250423,2043
16249892,2050
16249846,2053
16249790,2057
16249309,2055
16249408,2056
16249294,2063
16248836,2069
16248894,2075
16248671,2077
16248324,2074
16248382,2074
16248023,2070
16247802,2068
16247878,2058
16247461,2044
16247342,2035
16247364,2035
16246782,2038
16246970,2047
16246798,2053
16246163,2059
16246386,2051
16246132,2047
16245757,2041
16245880,2039
16245390,2035
16245156,2035
16245305,2023
16244883,2035
16244730,2046
16244771,2058
16244290,2064
16244229,2064
16244125,2059
16243663,2051
16243694,2050
16243469,2054
16243021,2061
16243239,2048
16242917,2042
16242620,2041
16242641,2045
16242227,2055
16242039,2058
16242107,2054
16241552,2065
16241574,2065
16241505,2068
16241047,2063
16241145,2057
16240907,2058
16240371,2063
16240566,2063
16240263,2051
16239883,2036
16240090,2027
16239512,2022
16239228,2027
16239457,2039
16238891,2054
16238718,2067
16238753,2071
16238233,2065
16238273,2062
16238242,2060
16237802,2056
16237851,2050
16237497,2040
16237206,2029
16237371,2028
16236809,2033
16236528,2042
16236622,2051
16236200,2053
16236027,2054
16236181,2060
16235479,2061
16235567,2058
16235495,2053
16235055,2051
16235116,2051
16234795,2046
16234449,2047
16234447,2051
16234227,2055
16233951,2056
16233937,2060
16233410,2066
16233345,2064
16233442,2057
16232942,2045
16232864,2039
16232849,2033
16232263,2030
16232353,2036
16232195,2037
16231684,2032
16231848,2032
16231491,2036
16231284,2034
16231378,2030
16230781,2025
16230710,2024
16230743,2029
16230262,2042
16230228,2052
16230109,2059
16229721,2060
16229771,2061
16229552,2063
16229130,2064
16229198,2060
16228839,2055
16228459,2051
16228684,2061
16228217,2063
16228104,2055
16228098,2047
16227634,2039
16227660,2038
16227469,2040
16226932,2026
16227068,2022
16226925,2027
16226521,2034
16226653,2031
16226295,2032
16226022,2032
16226140,2057
16225711,2062
16225481,2057
16225492,2056
16225054,2050
16225070,2046
16225056,2039
16224632,2032
16224555,2027
16224362,2033
16223911,2033
16224077,2045
16223817,2061
16223417,2063
16223597,2061
16223223,2051
16222920,2031
16223185,2039
16222623,2041
16222483,2049
16222585,2050
16222124,2042
16222090,2042
16221934,2044
16221527,2038
16221711,2035
16221418,2038
16221062,2050
16221244,2063
16220849,2067
16220596,2066
16220815,2060
16220392,2056
16220162,2045
16220292,2039
16219846,2032
16219810,2029
16219804,2032
16219264,2029
16219425,2026
16219223,2021
16218869,2018
16219059,2016
16218713,2016
16218422,2012
16218478,2013
16217997,2021
16217932,2027
16217983,2027
16217596,2023
16217708,2021
16217617,2025
16217118,2032
16217141,2036
16217044,2041
16216704,2043
16216967,2048
16216558,2043
16216352,2041
16216437,2040
16216100,2038
16215906,2042
16215982,2048
16215552,2058
16215527,2068
16215756,2072
16215174,2067
16215381,2059
16215202,2052
16214739,2044
16214964,2050
16214774,2043
16214428,2039
16214628,2037
16214239,2033
16214063,2032
16214224,2033
16213801,2039
16213769,2041
16213863,2044
16213313,2051
16213450,2057
16213424,2065
16213018,2074
16213168,2070
16212905,2064
16212718,2055
16212900,2051
16212492,2044
16212342,2040
16212518,2037
16212211,2033
16212156,2027
16212219,2018
16211751,2028
16211811,2039
16211863,2056
16211389,2061
16211586,2071
16211480,2079
16211090,2099
16211397,2099
16211033,2077
16210903,2051
16211120,2026
16210637,2004
16210593,1972
16210587,1941
16210292,1902
16210310,1864
16210350,1814
16209957,1772
16210307,1741
16210023,1717
16209750,1698
16209950,1697
16209557,1691
16209391,1707
16209579,1711
16209161,1725
16209176,1750
16209324,1790
16208816,1829
16208956,1865
16208980,1915
16208615,1972
16208854,2031
16208632,2081
16208390,2118
16208546,2151
16208361,2188
16208160,2212
16208372,2230
16208053,2237
16207956,2249
16208148,2272
16207650,2277
16207745,2290
16207745,2294
16207375,2295
16207607,2302
16207425,2316
16207071,2326
16207342,2329
16207113,2334
16206854,2331
16207123,2331
16206897,2333
16206820,2336
16206845,2342
16206612,2341
16206650,2336
16206683,2331
16206215,2324
16206443,2308
16206338,2289
16206036,2265
16206379,2238
16206096,2201
16205682,2157
16206113,2125
16205763,2107
16205590,2096
16205900,2090
16205511,2077
16205482,2066
16205576,2055
16205164,2047
16205393,2043
16205261,2041
16205094,2035
16205211,2030
16205059,2023
16204789,2015
16205090,2017
16204739,2022
16204669,2024
16204925,2033
16204466,2031
16204474,2029
16204571,2029
16204252,2022
16204405,2015
16204127,2006
16204070,1996
16204179,1999
16203937,2008
16203912,2021
16204084,2029
16203730,2031
16203630,2014
16203682,1997
16203360,1987
16203527,1978
16203466,1986
16203274,2000
16203360,2012
16203244,2012
16203057,2009
16203231,1998
16202984,2015
16202850,2015
16202984,2008
16202571,2007
16202686,2007
16202859,2009
16202600,2005
16202618,2014
16202600,2023
16202307,2034
16202525,2020
16202352,2012
16202100,1995
16202332,1985
16202064,1979
16201934,1983
16202218,1990
16201937,2015
16201957,2016
16202152,2014
16201762,2013
16202001,2010
16202069,2008
16201706,2003
16201992,2007
16201940,2006
16201773,2005
16202232,2004
16202063,1997
16201981,1993
16202356,1993
16202238,1986
16202481,1977
16202824,1978
16202602,1982
16203142,1987
16203661,1994
16203675,1999
16204327,1996
16204735,2001
16204942,1991
16206005,1992
16206577,1987
16207119,1971
16208379,1957
16209076,1948
16210073,1937
16211492,1941
16212173,1954
16213606,1965
16214919,1973
16216021,1977
16217682,1980
16218776,1990
16220076,1989
16221739,1984
16222788,1969
16224088,1952
16225525,1941
16226519,1932
16227747,1926
16229195,1925
16230160,1936
16231410,1948
16232706,1961
16233576,1970
16235044,1963
16236089,1953
16236996,1938
16238489,1930
16239368,1932
16240430,1940
16241784,1945
16242549,1945
16243587,1938
16244820,1934
16245455,1927
16246492,1920
16247449,1918
16247943,1917
16249085,1925
16249935,1929
16250569,1932
16251639,1935
16252393,1936
16253133,1938
16254250,1939
16254714,1935
16255501,1935
16256305,1939
16256700,1943
16257515,1948
16258273,1958
16258591,1960
16259446,1968
16260037,1972
16260313,1979
16261232,1980
16261585,1979
16261910,1969
16262749,1984
16263002,1984
16263533,1971
16264153,1976
16264398,1984
16265004,1994
16265624,1999
16265787,2012
16266483,2021
16266919,2034
16267129,2033
16267727,2032
16267899,2029
16268121,2031
16268925,2037
16268999,2047
16269271,2043
16269956,2060
16269913,2057
16270483,2057
16270851,2069
16270933,2086
16271413,2093
16271659,2090
16271731,2076
16272226,2066
16272330,2055
16272522,2045
16273119,2039
16273044,2044
16273337,2058
16273705,2074
16273486,2092
16273907,2103
16274096,2108
16274022,2109
16274377,2110
16274550,2112
16274403,2111
16274795,2113
16274782,2114
16274705,2113
16275086,2106
16274791,2094
16274843,2085
16275258,2086
16274885,2086
16275047,2089
16275079,2095
16274660,2092
16275056,2083
16275024,2081
16274809,2087
16275070,2099
16274675,2110
16274721,2109
16274852,2105
16274582,2107
16274417,2105
16274610,2104
16274247,2100
16274349,2094
16274474,2097
16274065,2095
16274194,2098
16274061,2099
16273813,2084
16274145,2065
16273832,2057
16273589,2059
16273856,2069
16273494,2079
16273527,2080
16273607,2082
16273212,2083
16273203,2082
16273324,2083
16272972,2080
16273209,2091
16273050,2103
16272818,2104
16273023,2103
16272729,2101
16272602,2095
16272832,2096
16272458,2087
16272471,2077
16272757,2067
16272327,2059
16272471,2059
16272545,2060
16272206,2062
16272424,2067
16272351,2059
16272094,2057
16272330,2062
16272219,2075
16271958,2083
16272261,2082
16271849,2076
16271809,2077
16272126,2075
16271877,2078
16271882,2077
16271847,2070
16271636,2063
16271732,2051
16271739,2045
16271397,2038
16271733,2054
16271468,2073
16271298,2088
16271652,2088
16271228,2085
16271153,2087
16271351,2085
16270947,2074
16271034,2067
16271087,2055
16270733,2065
16270965,2069
16270853,2078
16270519,2079
16270786,2079
16270610,2084
16270329,2089
16270633,2095
16270309,2096
16270197,2089
16270294,2089
16269981,2092
16270007,2091
16270136,2081
16269750,2069
16269814,2061
16269772,2065
16269469,2075
16269675,2090
16269459,2098
16269183,2102
16269424,2103
16269208,2093
16269013,2078
16269097,2064
16268734,2049
16268772,2044
16268775,2053
16268456,2070
16268531,2082
16268561,2081
16268146,2069
16268282,2066
16268056,2069
16267828,2072
16267917,2075
16267686,2077
16267512,2075
16267616,2076
16267337,2077
16267223,2072
16267279,2073
16266864,2070
16267030,2071
16266891,2062
16266574,2062
16266629,2067
16266463,2087
16266152,2096
16266391,2093
16265931,2078
16265770,2057
16265980,2049
16265587,2047
16265546,2051
16265530,2061
16265051,2073
16265144,2073
16265151,2075
16264685,2074
16264765,2077
16264564,2077
16264259,2077
16264579,2078
16264135,2075
16263919,2075
16264069,2077
16263617,2072
16263551,2070
16263627,2069
16263174,2070
16263290,2071
16263192,2074
16262712,2074
16262820,2070
16262591,2072
16262247,2066
16262535,2070
16262176,2073
16261831,2066
16261977,2055
16261622,2071
16261596,2078
16261561,2085
16261085,2087
16261191,2083
16261056,2068
16260626,2039
16260756,2030
16260575,2028
16260186,2030
16260434,2031
16260054,2042
16259902,2055
16259979,2081
16259406,2087
16259360,2091
16259361,2086
16258973,2097
16259037,2089
16258901,2075
16258408,2061
16258498,2048
16258393,2047
16258058,2046
16258221,2058
16257887,2065
16257685,2062
16257751,2062
16257234,2059
16257222,2061
16257327,2065
16256722,2063
16256790,2061
16256855,2063
16256269,2058
16256468,2057
16256198,2063
16255935,2069
16256014,2069
16255582,2074
16255429,2077
16255534,2073
16255028,2064
16255022,2056
16255023,2055
16254554,2051
16254572,2059
16254591,2061
16254058,2057
16254166,2060
16253952,2065
16253604,2069
16253768,2071
16253225,2072
16253103,2071
16253369,2065
16252885,2062
16252613,2054
16252786,2047
16252181,2047
16252204,2049
16252185,2055
16251818,2059
16251864,2058
16251666,2054
16251194,2055
16251461,2056
16251038,2054
16250869,2051
16250963,2063
16250425,2065
16250444,2065
16250444,2069
16249975,2065
16250044,2056
16249818,2051
16249349,2044
16249445,2046
16249153,2055
16248789,2066
16248981,2073
16248607,2075
16248437,2070
16248535,2063
16247981,2054
16247911,2047
16247970,2043
16247442,2038
16247557,2038
16247371,2043
16246972,2047
16246945,2059
16246869,2074
16246368,2065
16246393,2060
16246112,2053
16245898,2045
16246025,2042
16245517,2048
16245469,2039
16245446,2054
16245042,2053
16244988,2046
16244819,2053
16244411,2053
16244615,2051
16244343,2047
16243931,2050
16243986,2047
16243532,2044
16243313,2031
16243575,2038
16243054,2049
16242960,2060
16242942,2065
16242340,2056
16242478,2042
16242333,2053
16241834,2046
16241975,2043
16241674,2039
16241303,2041
16241499,2050
16241045,2063
16240875,2069
16240879,2067
16240377,2063
16240374,2059
16240398,2054
16239778,2052
16239931,2054
16239718,2054
16239211,2052
16239377,2049
16238978,2045
16238748,2043
16238931,2042
16238364,2038
16238251,2039
16238222,2058
16237704,2075
16237814,2075
16237642,2063
16237179,2051
16237234,2037
16237058,2032
16236654,2032
16236883,2034
16236431,2036
16236055,2037
16236180,2045
16235734,2049
16235551,2041
16235723,2033
16235183,2028
16235104,2034
16235161,2047
16234715,2050
16234741,2052
16234468,2046
16234023,2042
16234166,2035
16233915,2026
16233490,2019
16233595,2022
16233030,2032
16232966,2035
16232962,2039
16232534,2037
16232495,2037
16232338,2041
16231880,2037
16232012,2033
16231807,2031
16231444,2031
16231531,2042
16231263,2055
16230943,2067
16231067,2078
16230568,2081
16230300,2078
16230425,2082
16229896,2087
16229891,2092
16229869,2089
16229305,2080
16229354,2062
16229238,2036
16228753,2027
16228877,2037
16228626,2047
16228289,2046
16228371,2047
16228047,2044
16227770,2058
16227873,2065
16227339,2065
16227283,2061
16227325,2061
16226835,2056
16226865,2065
16226695,2058
16226243,2042
16226389,2046
16226099,2046
16225706,2052
16225944,2053
16225458,2057
16225257,2059
16225327,2067
16224825,2058
16224835,2058
16224842,2066
16224324,2076
16224280,2083
16224180,2087
16223864,2081
16223940,2084
16223663,2069
16223281,2045
16223328,2017
16223043,1989
16222843,1954
16222981,1920
16222444,1887
16222354,1855
16222321,1814
16221918,1764
16221964,1728
16221873,1712
16221394,1702
16221451,1707
16221281,1717
16221002,1736
16221144,1764
16220706,1794
16220445,1825
16220608,1867
16220282,1913
16220134,1967
16220195,2019
16219611,2068
16219697,2113
16219750,2145
16219214,2177
16219413,2198
16219202,2217
16218700,2229
16218970,2237
16218590,2242
16218272,2258
16218521,2285
16218098,2309
16217916,2323
16218064,2330
16217590,2332
16217684,2325
16217606,2321
16217148,2317
16217292,2317
16217166,2327
16216719,2329
16217013,2333
16216721,2334
16216310,2333
16216485,2332
16216085,2333
16215977,2330
16216251,2321
16215689,2305
16215637,2279
16215579,2259
16215194,2236
16215297,2216
16215134,2201
16214771,2184
16214918,2163
16214840,2143
16214366,2121
16214572,2096
16214254,2069
16214079,2060
16214360,2052
16213746,2054
16213821,2053
16213869,2051
16213461,2043
16213436,2039
16213313,2042
16213030,2045
16213194,2050
16212992,2048
16212690,2043
16212877,2028
16212623,2025
16212409,2019
16212576,2017
16212123,2014
16212210,2007
16212249,2013
16211740,2017
16211937,2019
16211830,2014
16211504,2024
16211643,2025
16211459,2030
16211181,2024
16211302,2015
16210988,2007
16210806,1997
16211001,1996
16210758,1999
16210587,2001
16210766,1988
16210308,1989
16210340,2002
16210335,2021
16209931,2029
16210128,2036
16210031,2039
16209600,2057
16209938,2055
16209665,2055
16209450,2046
16209563,2040
16209331,2030
16209208,2017
16209431,2009
16209057,2006
16209058,2009
16209117,2012
16208671,2019
16209034,2019
16208864,2016
16208608,2005
16208820,1996
16208646,1996
16208506,1998
16208706,2007
16208399,2016
16208358,2018
16208612,2014
16208370,2006
16208449,1997
16208710,1995
16208312,1999
16208638,2004
16208883,2009
16208742,2002
16209098,2000
16209290,2000
16209380,1997
16209998,1995
16209979,1992
16210420,1985
16211072,1985
16211405,1981
16212051,1981
16212871,1986
16213191,1980
16214164,1977
16215078,1980
16215650,1974
16217068,1964
16217936,1961
16218732,1963
16220175,1975
16221201,1981
16222389,1976
16223829,1968
16224645,1958
16226062,1951
16227377,1949
16228323,1952
16229584,1961
16230871,1970
16231759,1969
16233259,1967
16234325,1953
16235291,1942
16236746,1937
16237705,1938
16238711,1950
16240109,1959
16240952,1961
16242086,1955
16243349,1961
16243936,1963
16245130,1966
16246272,1975
16246911,1975
16248094,1965
16248915,1953
16249625,1937
16250656,1934
16251319,1929
16252162,1925
16253280,1925
16253739,1933
16254503,1945
16255507,1964
16255885,1955
16256839,1939
16257544,1945
16257917,1957
16258824,1968
16259328,1967
16259777,1960
16260726,1961
16261134,1971
16261445,1966
16262474,1974
16262677,1987
16263200,1999
16263939,2005
16264169,1997
16264803,1976
16265374,1986
16265446,1983
16266223,1981
16266611,1991
16266962,2000
16267621,2015
16267798,2027
16268082,2030
16268840,2039
16268875,2050
16269360,2060
16269954,2063
16269872,2061
16270397,2064
16270949,2063
16270892,2058
16271560,2054
16271742,2065
16271765,2071
16272454,2071
16272542,2077
16272767,2081
16273242,2081
16273198,2087
16273513,2095
16273989,2101
16273876,2097
16274349,2092
16274692,2091
16274513,2091
16275030,2088
16275167,2085
16275070,2084
16275518,2092
16275483,2104
16275548,2109
16275983,2107
16275794,2104
16275864,2094
16276200,2093
16276011,2092
16276157,2095
16276416,2105
16276010,2104
16276472,2098
16276469,2095
16276116,2092
16276430,2101
16276311,2104
16276154,2100
16276475,2098
16276143,2098
16276038,2100
16276312,2102
16275912,2097
16276021,2097
16276144,2108
16275563,2117
16275790,2117
16275670,2118
16275381,2117
16275627,2115
16275487,2111
16275090,2100
16275307,2087
16275082,2075
16275053,2070
16275289,2077
16274646,2087
16274764,2094
16274808,2090
16274371,2083
16274616,2087
16274451,2101
16274005,2099
16274404,2090
16274127,2073
16273831,2057
16274198,2051
16273840,2056
16273852,2060
16274039,2073
16273477,2069
16273553,2081
16273741,2082
16273351,2074
16273594,2070
16273478,2066
16273145,2055
16273415,2045
16273302,2053
16273032,2067
16273246,2083
16272939,2082
16272812,2079
16273100,2077
16272867,2079
16272815,2075
16272853,2069
16272649,2051
16272705,2063
16272639,2070
16272344,2081
16272570,2090
16272360,2092
16272264,2091
16272502,2088
16272159,2083
16272098,2083
16272378,2085
16271884,2086
16272030,2091
16272116,2094
16271657,2087
16271904,2086
16271777,2088
16271476,2078
16271570,2071
16271462,2068
16271234,2071
16271450,2077
16271189,2073
16270962,2064
16271327,2060
16270876,2063
16270843,2065
16270920,2063
16270536,2065
16270642,2063
16270643,2067
16270313,2068
16270566,2063
16270356,2060
16270067,2051
16270241,2053
16269969,2062
16269783,2062
16270052,2070
16269502,2075
16269579,2078
16269693,2082
16269306,2084
16269326,2081
16269326,2083
16268972,2089
16269080,2096
16268888,2096
16268647,2087
16268807,2078
16268675,2069
16268289,2062
16268583,2055
16268075,2056
16268043,2059
16268149,2068
16267815,2071
16267771,2075
16267698,2076
16267350,2072
16267489,2078
16267312,2081
16267048,2083
16267145,2081
16266855,2076
16266649,2069
16266817,2069
16266432,2066
16266288,2063
16266537,2065
16265951,2059
16265958,2055
16265941,2051
16265528,2041
16265713,2040
16265563,2049
16265206,2058
16265268,2059
16265008,2065
16264724,2069
16264931,2075
16264580,2071
16264435,2067
16264558,2065
16264008,2075
16263969,2074
16264036,2058
16263517,2054
16263629,2052
16263513,2055
16263107,2050
16263243,2057
16262952,2066
16262712,2079
16262832,2081
16262525,2095
16262357,2095
16262337,2093
16261890,2085
16261995,2082
16261921,2085
16261554,2072
16261580,2059
16261391,2051
16261030,2042
16261101,2042
16260833,2039
16260592,2041
16260751,2047
16260282,2055
16260217,2053
16260255,2053
16259678,2051
16259702,2048
16259726,2054
16259303,2051
16259362,2055
16259239,2062
16258837,2065
16258958,2067
16258576,2070
16258331,2075
16258542,2086
16258035,2097
16257882,2094
16258078,2090
16257653,2075
16257585,2063
16257527,2050
16256989,2036
16257188,2032
16257102,2033
16256602,2042
16256756,2052
16256431,2063
16256064,2065
16256295,2073
16255825,2078
16255612,2078
16255826,2081
16255240,2082
16255214,2081
16255202,2075
16254824,2061
16254770,2042
16254665,2027
16254326,2020
16254351,2032
16254035,2043
16253698,2047
16253899,2054
16253666,2058
16253395,2051
16253434,2037
16252927,2024
16252963,2020
16252896,2025
16252413,2032
16252521,2041
16252408,2051
16251941,2062
16252134,2071
16251655,2075
16251477,2071
16251669,2069
16251211,2071
16251021,2067
16251119,2068
16250549,2066
16250596,2069
16250598,2077
16250209,2071
16250153,2071
16249988,2069
16249472,2069
16249695,2072
16249319,2063
16249148,2044
16249226,2027
16248792,2024
16248585,2037
16248683,2047
16248163,2051
16248175,2049
16248097,2062
16247678,2062
16247645,2048
16247446,2054
16247047,2059
16247219,2058
16246819,2045
16246490,2043
16246655,2050
16246250,2053
16245947,2039
16246099,2042
16245652,2051
16245626,2062
16245506,2066
16245000,2058
16245162,2038
16244877,2046
16244588,2050
16244556,2059
16244116,2073
16243900,2084
16243993,2101
16243597,2096
16243412,2079
16243443,2057
16242909,2041
16242957,2029
16242887,2022
16242338,2020
16242469,2030
16242217,2048
16241895,2057
16242058,2065
16241492,2060
16241362,2054
16241493,2059
16240903,2061
16240790,2065
16240696,2067
16240222,2069
16240393,2065
16240271,2059
16239763,2049
16239872,2047
16239492,2052
16239200,2055
16239356,2058
16238854,2058
16238632,2054
16238697,2053
16238300,2053
16238248,2050
16238151,2048
16237684,2046
16237609,2043
16237435,2038
16237161,2028
16237331,2024
16236910,2018
16236502,2017
16236758,2020
16236231,2021
16236011,2024
16236092,2021
16235668,2016
16235573,2024
16235506,2034
16235098,2039
16235187,2046
16234936,2049
16234408,2040
16234632,2036
16234287,2035
16233953,2035
16234012,2040
16233596,2045
16233483,2058
16233532,2074
16232858,2085
16232960,2087
16232846,2081
16232474,2071
16232554,2062
16232194,2058
16231817,2059
16231935,2062
16231641,2057
16231363,2042
16231468,2039
16230947,2041
16230870,2053
16230844,2061
16230355,2047
16230415,2034
16230272,2029
16229865,2029
16229988,2029
16229643,2030
16229267,2017
16229306,2029
16229048,2036
16228764,2041
16228870,2057
16228379,2066
16228338,2075
16228205,2078
16227772,2087
16227792,2091
16227597,2091
16227114,2073
16227370,2059
16226997,2055
16226714,2058
16226778,2059
16226372,2061
16226290,2048
16226309,2062
16225727,2063
16225695,2073
16225610,2082
16225254,2081
16225313,2071
16225146,2061
16224664,2051
16224917,2046
16224424,2032
16224245,2009
16224415,1977
16223793,1940
16223749,1895
16223811,1851
16223204,1805
16223396,1761
16223126,1727
16222715,1705
16222859,1692
16222612,1685
16222370,1681
16222513,1688
16222099,1701
16221862,1735
16222023,1779
16221563,1820
16221447,1856
16221368,1898
16220899,1945
16221035,1991
16220765,2034
16220477,2075
16220634,2115
16220372,2155
16220036,2192
16220278,2215
16219755,2223
16219624,2229
16219726,2245
16219260,2262
16219218,2278
16219170,2293
16218808,2307
16218915,2307
16218772,2302
16218438,2293
16218473,2299
16218122,2311
16217996,2327
16218124,2345
16217659,2358
16217607,2362
16217686,2370
16217271,2361
16217292,2342
16217136,2330
16216744,2311
16216904,2295
16216673,2282
16216380,2264
16216572,2241
16216313,2222
16216114,2208
16216212,2193
16215854,2169
16215709,2139
16215815,2115
16215332,2087
16215375,2062
16215271,2036
16214881,2016
16215149,2010
16214899,2017
16214678,2028
16214765,2042
16214365,2041
16214229,2037
16214301,2028
16213985,2013
16213991,1995
16214003,1990
16213441,1983
16213603,2005
16213577,2008
16213143,2007
16213370,2020
16213097,2027
16212817,2026
16213003,2020
16212764,2018
16212537,2022
16212635,2033
16212334,2015
16212287,2009
16212298,2015
16211935,2013
16212041,2014
16212005,2012
16211606,2000
16211818,2011
16211556,2011
16211374,2003
16211463,2003
16210950,2004
16211161,2004
16211148,2011
16210810,2012
16210771,2013
16210807,2019
16210467,2017
16210650,2017
16210525,2016
16210138,2009
16210369,2003
16210102,2001
16209905,1999
16210051,2000
16209710,2003
16209711,2006
16209880,2008
16209507,2003
16209537,2006
16209616,2011
16209319,2011
16209491,2007
16209379,1995
16209141,1985
16209300,1983
16209182,1983
16209060,1987
16209428,1992
16209042,1998
16209141,2007
16209431,2007
16209010,1994
16209388,1979
16209518,1969
16209308,1970
16209807,1984
16209971,1993
16209896,1990
16210357,1991
16210559,1992
16210918,1993
16211516,1996
16211598,1991
16212229,1983
16212940,1980
16213179,1982
16214343,1984
16214963,1987
16215687,1978
16216753,1971
16217573,1968
16218478,1966
16219916,1967
16220695,1965
16221864,1963
16223297,1957
16224149,1951
16225662,1951
16226791,1959
16227672,1979
16229037,1978
16230117,1969
16231181,1958
16232565,1953
16233444,1945
16234517,1936
16235975,1934
16236659,1928
16238013,1929
16239211,1935
16239983,1936
16241269,1936
16242348,1930
16242982,1930
16244468,1926
16245300,1920
16246098,1911
16247366,1905
16247935,1901
16248747,1918
16249933,1937
16250485,1942
16251303,1949
16252267,1950
16252725,1960
16253885,1966
16254637,1978
16255142,1983
16256154,1988
16256673,1973
16257398,1963
16258159,1953
16258647,1955
16259257,1957
16260031,1971
16260255,1958
16261039,1968
16261761,1970
16261934,1980
16262679,1990
16263128,1991
16263571,1987
16264237,2000
16264667,2012
16265068,2021
16265764,2030
16265940,2024
16266542,2007
16266983,1999
16267080,2003
16267792,2005
16268247,2011
16268428,2011
16268979,2013
16269312,2024
16269498,2035
16270167,2039
16270099,2044
16270554,2052
16271056,2056
16271053,2061
16271551,2069
16271906,2073
16271904,2074
16272419,2081
16272759,2091
16272687,2094
16273445,2098
16273390,2101
16273415,2097
16274087,2094
16273999,2081
16274259,2076
16274632,2081
16274450,2086
16274931,2092
16275168,2102
16274972,2105
16275369,2111
16275442,2109
16275355,2106
16275845,2109
16275740,2102
16275707,2091
16276076,2090
16275747,2090
16275970,2095
16276189,2100
16275798,2098
16276164,2101
16276156,2109
16275854,2110
16276100,2116
16275921,2115
16275753,2105
16276111,2094
16275794,2076
16275608,2068
16275827,2066
16275401,2066
16275505,2062
16275582,2067
16275191,2071
16275352,2073
16275160,2075
16274963,2078
16275193,2083
16274852,2087
16274779,2085
16274796,2085
16274539,2084
16274515,2081
16274649,2070
16274252,2066
16274287,2072
16274198,2076
16273905,2066
16274141,2057
16273931,2069
16273718,2076
16273874,2081
16273670,2081
16273456,2086
16273752,2098
16273350,2111
16273360,2115
16273438,2112
16273107,2096
16273098,2080
16273173,2069
16272843,2054
16273025,2043
16272964,2052
16272725,2067
16272830,2078
16272666,2093
16272448,2085
16272633,2077
16272293,2073
16272332,2066
16272529,2058
16272212,2040
16272288,2027
16272306,2030
16271984,2044
16272165,2053
16271975,2073
16271768,2080
16272067,2079
16271672,2075
16271597,2070
16271867,2063
16271569,2076
16271428,2079
16271700,2082
16271193,2084
16271265,2081
16271266,2081
16271029,2083
16271160,2081
16270931,2079
16270630,2081
16270956,2078
16270573,2077
16270553,2073
16270720,2073
16270327,2065
16270360,2060
16270418,2063
16269983,2065
16270109,2062
16270098,2063
16269734,2068
16270031,2072
16269679,2079
16269372,2080
16269671,2078
16269373,2080
16269158,2083
16269300,2077
16268964,2061
16269064,2057
16269047,2066
16268576,2072
16268732,2071
16268684,2067
16268242,2061
16268473,2063
16268297,2071
16267976,2079
16268243,2088
16267860,2093
16267729,2096
16267900,2097
16267396,2090
16267458,2084
16267419,2080
16267078,2070
16267221,2059
16267044,2049
16266711,2042
16266866,2041
16266601,2053
16266339,2061
16266571,2066
16266124,2073
16265990,2081
16266129,2081
16265617,2081
16265630,2078
16265705,2070
16265244,2057
16265407,2039
16265103,2034
16264891,2032
16265031,2040
16264620,2051
16264430,2058
16264570,2060
16264089,2075
16264048,2083
16264081,2084
16263706,2084
16263770,2073
16263645,2063
16263135,2043
16263357,2043
16263171,2053
16262861,2059
16262874,2067
16262530,2071
16262370,2073
16262538,2070
16262018,2067
16261962,2062
16262075,2061
16261581,2057
16261638,2049
16261501,2058
16261077,2066
16261287,2075
16260981,2081
16260617,2079
16260731,2082
16260349,2081
16260168,2070
16260301,2069
16259860,2072
16259809,2068
16259782,2055
16259322,2042
16259449,2038
16259302,2052
16258889,2056
16259135,2060
16258791,2065
16258413,2071
16258697,2076
16258181,2061
16258000,2050
16258228,2044
16257676,2048
16257609,2055
16257656,2060
16257143,2055
16257282,2047
16257048,2045
16256672,2053
16256807,2058
16256481,2068
16256265,2082
16256366,2094
16255965,2090
16255794,2074
16255831,2053
16255463,2039
16255470,2027
16255369,2031
16254890,2043
16254955,2059
16254781,2075
16254400,2080
16254458,2083
16254025,2074
16253848,2068
16254067,2061
16253581,2050
16253391,2043
16253468,2051
16252941,2058
16252971,2059
16252915,2054
16252560,2049
16252620,2047
16252235,2047
16251927,2045
16252091,2047
16251755,2052
16251453,2061
16251690,2067
16251097,2065
16250997,2063
16251006,2055
16250581,2040
16250591,2037
16250509,2038
16250079,2035
16250168,2035
16249816,2036
16249439,2039
16249742,2048
16249244,2057
16249086,2052
16249081,2053
16248673,2045
16248563,2053
16248625,2052
16248048,2060
16248164,2061
16247996,2079
16247516,2081
16247590,2071
16247263,2065
16246946,2063
16247102,2061
16246658,2050
16246518,2043
16246602,2041
16246179,2044
16246035,2039
16245992,2043
16245601,2047
16245523,2057
16245407,2061
16245001,2053
16245139,2047
16244718,2045
16244416,2055
16244402,2060
16244088,2060
16243917,2061
16244033,2068
16243477,2072
16243382,2067
16243358,2054
16242808,2040
16242998,2044
16242764,2050
16242322,2044
16242358,2043
16242006,2044
16241769,2043
16241899,2038
16241442,2023
16241236,2009
16241325,2006
16240922,2011
16240859,2025
16240808,2033
16240232,2037
16240301,2044
16240099,2056
16239656,2060
16239766,2058
16239365,2052
16239160,2045
16239309,2040
16238786,2040
16238626,2036
16238676,2044
16238098,2061
16238175,2077
16238064,2083
16237646,2076
16237623,2061
16237347,2043
16237012,2032
16237140,2031
16236763,2029
16236451,2026
16236492,2030
16236111,2029
16236072,2033
16235934,2040
16235367,2045
16235392,2052
16235345,2064
16234928,2068
16234966,2063
16234612,2057
16234381,2044
16234479,2031
16233978,2025
16233769,2017
16233989,2014
16233404,2015
16233309,2021
16233278,2027
16232793,2036
16232873,2043
16232665,2045
16232233,2047
16232369,2053
16231970,2060
16231616,2055
16231760,2044
16231415,2042
16231116,2055
16231177,2068
16230693,2077
16230594,2072
16230756,2064
16230110,2041
16230168,2043
16229953,2039
16229524,2044
16229731,2048
16229399,2054
16229140,2055
16229161,2065
16228699,2078
16228543,2081
16228679,2075
16227970,2057
16227940,2046
16227993,2048
16227535,2057
16227647,2064
16227518,2061
16226960,2055
16227073,2045
16226855,2041
16226421,2055
16226650,2055
16226174,2043
16226045,2040
16226077,2045
16225615,2050
16225613,2051
16225503,2053
16224977,2047
16225154,2050
16225018,2040
16224493,2052
16224599,2051
16224232,2052
16223978,2048
16224032,2045
16223668,2042
16223470,2035
16223708,2026
16223200,2014
16223125,2004
16223120,1992
16222564,1965
16222763,1919
16222556,1865
16222202,1809
16222356,1770
16221960,1733
16221688,1714
16221964,1708
16221495,1711
16221354,1716
16221315,1729
16220877,1736
16220793,1748
16220901,1766
16220415,1793
16220508,1829
16220358,1881
16219959,1938
16220140,1992
16219825,2041
16219467,2084
16219677,2123
16219165,2156
16219090,2187
16219242,2209
16218716,2221
16218775,2231
16218667,2243
16218391,2246
16218475,2252
16218271,2258
16217831,2268
16218081,2280
16217754,2293
16217342,2305
16217583,2319
16217259,2322
16217191,2323
16217312,2326
16216885,2324
16216640,2321
16216649,2320
16216369,2318
16216431,2315
16216387,2302
16215866,2292
16216030,2291
16215879,2285
16215600,2269
16215907,2245
16215363,2217
16215192,2188
16215385,2159
16214961,2133
16214952,2114
16214971,2096
16214632,2077
16214628,2063
16214572,2047
16214301,2041
16214293,2030
16214100,2021
16213899,2009
16214057,2010
16213683,2016
16213530,2029
16213758,2042
16213309,2053
16213260,2039
16213269,2024
16212818,2021
16213034,2022
16212986,2025
16212539,2021
16212738,2026
16212450,2023
16212168,2016
16212448,1999
16212252,2007
16211955,2004
16212068,1995
16211595,1988
16211665,1980
16211829,1985
16211444,1995
16211456,1996
16211466,1990
16211148,1988
16211205,1980
16211065,1998
16210796,2005
16210997,2014
16210683,2021
16210537,2023
16210777,2020
16210320,2015
16210214,2002
16210435,1996
16210038,1991
16210067,1995
16210059,2003
16209708,2010
16209909,2020
16209719,2025
16209379,2024
16209667,2016
16209503,2001
16209208,1996
16209462,1997
16209095,1997
16209012,1989
16209265,1984
16208721,1981
16209062,1985
16209008,1998
16208620,2003
16208882,1998
16208805,2001
16208579,2011
16208843,2024
16208641,2026
16208516,2023
16208829,2012
16208660,2001
16208683,1993
16208989,1988
16208780,1984
16209080,1977
16209358,1970
16209084,1968
16209572,1973
16209882,1985
16209929,1993
16210452,1997
16210754,2003
16211123,1997
16211789,1985
16212166,1968
16212786,1948
16213746,1938
16214046,1941
16214972,1942
16216034,1950
16216811,1955
16217977,1965
16219104,1974
16219799,1972
16221282,1968
16222305,1965
16223319,1961
16224833,1962
16225711,1953
16226856,1940
16228415,1929
16229160,1920
16230402,1917
16231732,1928
16232575,1931
16233855,1932
16234865,1945
16235696,1944
16237126,1935
16238064,1920
16238943,1909
16240306,1911
16241149,1920
16242101,1926
16243385,1944
16244150,1945
16245189,1934
16246239,1937
16246982,1940
16248062,1943
16248891,1946
16249474,1939
16250452,1933
16251196,1927
16251883,1913
16253065,1926
16253515,1926
16254160,1919
16255191,1922
16255652,1928
16256506,1938
16257315,1950
16257699,1952
16258455,1955
16259212,1961
16259502,1955
16260284,1972
16260865,1980
16261155,1981
16262093,1991
16262488,1990
16262902,1991
16263573,1986
16263841,1988
16264304,1992
16265040,1998
16265151,2008
16265730,2016
16266293,2010
16266528,2004
16267165,2009
16267494,2028
16267581,2043
16268363,2045
16268658,2042
16268789,2038
16269378,2040
16269446,2041
16269907,2052
16270446,2062
16270468,2059
16270848,2054
16271309,2047
16271308,2052
16271866,2065
16272185,2073
16272108,2076
16272656,2080
16272843,2081
16272857,2088
16273459,2095
16273523,2097
16273629,2093
16274035,2091
16274074,2084
16274265,2080
16274568,2081
16274463,2081
16274738,2083
16274912,2089
16274748,2099
16275174,2099
16275216,2090
16275117,2084
16275406,2084
16275245,2082
16275304,2079
16275598,2077
16275246,2076
16275400,2073
16275667,2070
16275282,2083
16275275,2101
16275457,2110
16275186,2114
16275433,2113
16275322,2115
16275003,2108
16275233,2100
16274881,2092
16274846,2083
16274985,2080
16274594,2079
16274494,2072
16274636,2066
16274335,2065
16274318,2073
16274283,2085
16273972,2095
16274186,2091
16273976,2091
16273601,2086
16273736,2085
16273552,2088
16273431,2106
16273545,2111
16273297,2091
16273002,2072
16273395,2059
16272939,2051
16272913,2043
16273005,2050
16272635,2056
16272655,2060
16272759,2062
16272313,2073
16272544,2069
16272447,2063
16272091,2061
16272367,2065
16272020,2073
16271952,2070
16272157,2069
16271859,2070
16271883,2077
16272103,2067
16271589,2078
16271586,2079
16271685,2071
16271388,2062
16271625,2052
16271491,2050
16271167,2056
16271397,2064
16271138,2068
16270966,2065
16271269,2066
16270993,2067
16270793,2073
16271022,2082
16270747,2085
16270545,2084
16270752,2078
16270409,2070
16270693,2057
16270613,2053
16270318,2050
16270421,2046
16270345,2048
16270076,2052
16270227,2067
16270025,2079
16269889,2077
16270059,2078
16269735,2069
16269687,2065
16269757,2063
16269372,2065
16269496,2064
16269508,2059
16269090,2052
16269249,2051
16269120,2063
16268764,2070
16269084,2074
16268850,2072
16268473,2063
16268779,2053
16268404,2042
16268427,2037
16268508,2042
16268181,2046
16267945,2045
16268082,2050
16267648,2057
16267752,2067
16267759,2081
16267386,2079
16267563,2071
16267425,2066
16267041,2059
16267256,2057
16266943,2061
16266756,2063
16266907,2072
16266561,2072
16266472,2068
16266587,2066
16266188,2065
16266182,2060
16266165,2060
16265690,2054
16265760,2052
16265593,2058
16265292,2070
16265432,2068
16265295,2062
16264882,2047
16265087,2042
16264772,2040
16264609,2051
16264710,2062
16264366,2069
16264313,2069
16264278,2074
16263927,2062
16263998,2041
16263839,2037
16263401,2037
16263514,2045
16263446,2055
16262974,2061
16263148,2065
16262689,2075
16262505,2076
16262706,2088
16262338,2077
16262190,2059
16262285,2047
16261870,2041
16261939,2043
16261803,2047
16261266,2042
16261403,2040
16261236,2041
16260852,2037
16261046,2049
16260675,2057
16260416,2072
16260541,2076
16260151,2067
16260034,2066
16260080,2058
16259542,2049
16259459,2042
16259588,2038
16259140,2042
16259053,2045
16259096,2050
16258609,2052
16258655,2060
16258611,2071
16258045,2080
16258234,2078
16257993,2067
16257711,2055
16257859,2049
16257341,2046
16257203,2046
16257288,2046
16256799,2044
16256837,2037
16256684,2041
16256181,2052
16256361,2058
16256289,2061
16255825,2056
16255906,2053
16255609,2052
16255301,2050
16255453,2056
16255126,2063
16254792,2066
16254977,2069
16254526,2066
16254381,2050
16254440,2039
16253897,2034
16253956,2035
16253853,2043
16253486,2048
16253488,2052
16253219,2055
16252877,2056
16252966,2053
16252670,2050
16252342,2047
16252567,2053
16252015,2055
16251814,2051
16252017,2043
16251483,2037
16251576,2031
16251429,2047
16250856,2063
16251048,2077
16250941,2081
16250384,2073
16250525,2055
16250292,2046
16249957,2033
16250073,2023
16249639,2021
16249387,2021
16249581,2025
16248969,2030
16248855,2042
16248853,2050
16248343,2048
16248457,2043
16248360,2036
16247945,2032
16248021,2035
16247768,2032
16247306,2046
16247453,2064
16247188,2074
16246818,2082
16246997,2080
16246501,2073
16246342,2058
16246408,2044
16245850,2033
16245737,2040
16245885,2044
16245367,2060
16245402,2055
16245210,2042
16244786,2037
16244936,2035
16244554,2037
16244276,2039
16244282,2042
16244008,2041
16243657,2045
16243839,2045
16243372,2057
16243135,2049
16243220,2043
16242766,2037
16242718,2029
16242599,2032
16242136,2036
16242156,2036
16242042,2034
16241648,2024
16241795,2015
16241375,2017
16240988,2025
16241101,2043
16240836,2057
16240502,2058
16240607,2053
16240093,2042
16239925,2028
16239977,2021
16239519,2029
16239451,2038
16239377,2043
16238901,2043
16238992,2042
16238776,2040
16238307,2032
16238503,2028
16238194,2029
16237831,2027
16237979,2036
16237380,2044
16237366,2043
16237372,2041
16236826,2035
16236904,2029
16236819,2027
16236272,2026
16236354,2033
16236122,2045
16235708,2055
16235759,2061
16235493,2064
16235163,2065
16235207,2067
16234834,2059
16234517,2053
16234678,2048
16234294,2047
16234179,2055
16234179,2056
16233641,2049
16233500,2044
16233558,2046
16233108,2049
16233143,2044
16232790,2042
16232565,2035
16232666,2038
16232357,2044
16231973,2049
16232070,2058
16231596,2071
16231461,2083
16231537,2083
16231054,2070
16230941,2054
16230814,2042
16230446,2031
16230508,2021
16230357,2027
16229866,2036
16229991,2050
16229677,2056
16229226,2052
16229467,2054
16229099,2065
16228782,2071
16228914,2078
16228447,2077
16228341,2076
16228294,2079
16227838,2070
16227805,2061
16227899,2057
16227321,2046
16227402,2026
16227241,2009
16226783,1976
16226932,1956
16226704,1915
16226265,1863
16226427,1819
16225957,1777
16225728,1732
16225896,1705
16225402,1675
16225235,1676
16225340,1679
16224867,1701
16224875,1711
16224707,1727
16224410,1746
16224404,1773
16224253,1806
16223821,1845
16223972,1892
16223729,1951
16223441,2016
16223492,2071
16223237,2110
16222898,2137
16223139,2162
16222707,2190
16222610,2214
16222581,2244
16222110,2267
16222111,2275
16222092,2279
16221644,2279
16221751,2282
16221469,2287
16221014,2296
16221279,2308
16220933,2322
16220662,2336
16220771,2344
16220429,2339
16220206,2332
16220252,2326
16219994,2326
16219890,2335
16219939,2336
16219416,2332
16219599,2321
16219473,2317
16218933,2306
16219046,2288
16218908,2266
16218521,2241
16218871,2217
16218384,2193
16218115,2157
16218314,2118
16217854,2085
16217795,2061
16217917,2050
16217428,2044
16217539,2041
16217373,2039
16217009,2038
16217130,2042
16216927,2041
16216629,2041
16216783,2034
16216514,2029
16216239,2018
16216371,2008
16216088,2004
16215871,2006
16216020,2014
16215567,2013
16215517,2015
16215727,2021
16215111,2012
16215132,2008
16215262,2009
16214802,2002
16215015,2000
16214785,1990
16214395,2002
16214531,2011
16214280,2020
16214086,2011
16214288,2009
16213926,2003
16213787,1995
16213845,1998
16213456,2006
16213477,2005
16213658,1994
16213207,1996
16213248,1998
16213135,2004
16212801,2005
16212979,2011
16212707,2020
16212396,2021
16212657,2012
16212425,2015
16212208,2003
16212421,1983
16212072,1985
16212062,1985
16212152,1996
16211805,2001
16211730,1999
16211671,1996
16211346,2008
16211551,2013
16211589,2023
16211128,2006
16211313,1992
16211172,1991
16210976,1998
16211256,2002
16210985,2007
16210748,2005
16211055,2007
16210860,2005
16210843,2009
16211125,2011
16210727,2012
16210935,2013
16211088,2007
16210929,1998
16211293,1989
16211331,1993
16211210,1993
16211800,1985
16211974,1973
16212139,1965
16212644,1964
16212804,1965
16213254,1965
16213979,1965
16214193,1966
16214718,1967
16215647,1961
16216022,1947
16217090,1941
16217907,1959
16218502,1980
16219873,1992
16220780,1992
16221638,1978
16223218,1967
16224134,1956
16225217,1951
16226714,1945
16227305,1943
16228569,1937
16229974,1938
16230800,1942
16232116,1951
16233378,1961
16234100,1958
16235430,1954
16236556,1960
16237424,1954
16238803,1944
16239697,1938
16240628,1937
16241962,1935
16242786,1931
16243847,1934
16244992,1944
16245674,1947
16246753,1943
16247919,1937
16248396,1926
16249565,1922
16250292,1919
16250927,1910
16252030,1911
16252743,1915
16253351,1927
16254481,1938
16255053,1949
16255682,1950
16256717,1957
16256997,1955
16257753,1955
16258740,1952
16259049,1950
16259880,1948
16260539,1952
16260738,1958
16261718,1976
16262298,1980
16262514,1971
16263351,1974
16263708,1972
16264014,1971
16264859,1971
16265049,1979
16265548,1990
16266268,2016
16266456,2028
16266855,2044
16267499,2033
16267590,2008
16268189,2001
16268803,2001
16268846,2001
16269551,2003
16269771,2002
16269926,2013
16270633,2035
16270764,2051
16270959,2081
16271562,2093
16271703,2094
16272014,2095
16272520,2101
16272407,2102
16272796,2089
16273293,2080
16273125,2069
16273706,2071
16273900,2081
16273957,2089
16274524,2100
16274565,2103
16274593,2096
16275191,2094
16275032,2095
16275196,2098
16275531,2102
16275429,2101
16275628,2091
16276095,2087
16275867,2087
16276106,2092
16276341,2091
16276103,2102
16276348,2109
16276405,2108
16276229,2102
16276742,2098
16276437,2097
16276228,2090
16276608,2087
16276359,2084
16276369,2087
16276593,2096
16276211,2092
16276213,2081
16276390,2071
16276084,2061
16276239,2064
16276119,2067
16275892,2071
16275952,2073
16275920,2077
16275650,2086
16275893,2093
16275490,2105
16275336,2113
16275538,2113
16275259,2108
16275008,2101
16275333,2091
16274828,2079
16275030,2068
16274983,2066
16274611,2066
16274692,2065
16274764,2069
16274344,2069
16274524,2075
16274255,2080
16274022,2081
16274326,2082
16274073,2083
16273900,2081
16274072,2077
16273729,2073
16273686,2073
16273855,2070
16273480,2075
16273606,2081
16273680,2083
16273292,2074
16273360,2065
16273359,2055
16273033,2042
16273203,2045
16273124,2057
16272831,2063
16273121,2064
16272815,2081
16272718,2083
16272994,2070
16272613,2065
16272569,2065
16272749,2069
16272293,2069
16272401,2065
16272454,2053
16272043,2056
16272186,2054
16272191,2075
16271907,2073
16271998,2071
16271877,2074
16271596,2073
16271838,2072
16271538,2073
16271468,2068
16271680,2078
16271274,2085
16271318,2071
16271367,2075
16271021,2065
16271136,2057
16271015,2057
16270629,2057
16270903,2065
16270740,2075
16270404,2086
16270640,2089
16270388,2085
16270134,2072
16270433,2069
16270009,2073
16269891,2079
16270084,2079
16269596,2073
16269759,2064
16269864,2059
16269338,2047
16269485,2038
16269488,2037
16268952,2045
16269150,2058
16269023,2069
16268713,2063
16268921,2059
16268703,2066
16268443,2065
16268516,2070
16268203,2080
16268212,2084
16268221,2081
16267808,2073
16267802,2067
16267901,2064
16267448,2061
16267613,2059
16267525,2056
16267082,2065
16267246,2087
16267027,2101
16266716,2099
16266882,2092
16266451,2080
16266281,2071
16266511,2065
16266123,2059
16266149,2054
16266093,2057
16265653,2065
16265622,2077
16265564,2082
16265205,2079
16265269,2073
16265106,2067
16264790,2053
16264959,2050
16264678,2054
16264408,2061
16264471,2070
16264202,2076
16264029,2071
16264243,2060
16263700,2051
16263597,2047
16263636,2050
16263177,2050
16263252,2056
16263163,2063
16262718,2067
16262889,2064
16262590,2056
16262158,2047
16262381,2050
16262078,2057
16261838,2061
16261914,2063
16261570,2056
16261414,2060
16261438,2078
16261096,2087
16260955,2084
16261021,2079
16260530,2067
16260548,2058
16260551,2045
16260034,2053
16260284,2053
16259858,2050
16259553,2056
16259739,2069
16259409,2079
16259090,2081
16259257,2072
16258665,2056
16258750,2053
16258825,2045
16258335,2063
16258265,2067
16258226,2068
16257801,2063
16257903,2059
16257638,2058
16257265,2053
16257360,2056
16257086,2065
16256749,2069
16256993,2070
16256459,2065
16256345,2060
16256463,2062
16255948,2063
16255897,2065
16255866,2070
16255451,2069
16255421,2067
16255344,2065
16254864,2066
16255017,2073
16254690,2075
16254322,2067
16254504,2057
16254273,2046
16253897,2040
16253984,2042
16253604,2043
16253375,2048
16253535,2053
16253016,2055
16253001,2052
16252917,2052
16252333,2051
16252408,2055
16252342,2067
16251896,2078
16251969,2078
16251776,2066
16251260,2052
16251465,2037
16251095,2035
16250858,2033
16251043,2039
16250476,2039
16250463,2038
16250484,2039
16250049,2035
16249846,2032
16249921,2031
16249372,2034
16249339,2040
16249318,2053
16248913,2063
16249031,2071
16248689,2072
16248310,2065
16248556,2061
16247937,2059
16247768,2061
16247855,2059
16247377,2061
16247260,2066
16247357,2054
16246852,2037
16246809,2027
16246675,2027
16246275,2026
16246278,2020
16246164,2024
16245668,2033
16245734,2043
16245534,2046
16245085,2047
16245342,2047
16244782,2050
16244596,2043
16244752,2046
16244171,2041
16244128,2030
16244172,2021
16243626,2014
16243619,2018
16243551,2028
16243053,2032
16243114,2038
16242774,2048
16242416,2046
16242493,2065
16242227,2078
16241921,2084
16242107,2095
16241594,2094
16241512,2092
16241575,2092
16240936,2072
16240927,2059
16240881,2052
16240400,2032
16240469,2041
16240345,2047
16239829,2061
16239883,2064
16239682,2063
16239243,2057
16239431,2058
16239055,2062
16238778,2065
16238844,2072
16238351,2073
16238248,2070
16238179,2063
16237851,2059
16237846,2058
16237702,2056
16237096,2059
16237205,2057
16236970,2051
16236662,2041
16236742,2039
16236383,2039
16235982,2047
16236247,2063
16235732,2081
16235520,2088
16235638,2083
16235076,2071
16235063,2065
16234954,2071
16234590,2076
16234608,2083
16234387,2082
16233923,2073
16234092,2052
16233731,2018
16233449,1981
16233589,1942
16233157,1897
16232840,1855
16232956,1815
16232596,1786
16232375,1763
16232517,1735
16231982,1713
16231903,1708
16231879,1716
16231342,1725
16231399,1733
16231255,1744
16230822,1759
16230889,1789
16230622,1837
16230255,1885
16230399,1934
16230083,1975
16229835,2014
16229953,2063
16229396,2104
16229302,2130
16229289,2153
16228796,2181
16228923,2201
16228751,2218
16228360,2234
16228395,2253
16228233,2271
16227792,2280
16227801,2281
16227554,2269
16227343,2267
16227474,2275
16226955,2284
16226830,2293
16226847,2305
16226467,2311
16226409,2321
16226211,2323
16225916,2331
16225963,2332
16225915,2325
16225323,2322
16225529,2322
16225337,2319
16224848,2302
16224979,2280
16224615,2261
16224433,2255
16224625,2243
16224225,2229
16224007,2195
16224048,2148
16223585,2107
16223542,2078
16223663,2065
16223009,2053
16223204,2042
16223128,2035
16222645,2034
16222717,2026
16222507,2034
16222136,2031
16222401,2033
16221890,2031
16221694,2026
16221786,2018
16221387,2010
16221315,2008
16221353,2016
16220872,2025
16220865,2026
16220817,2030
16220397,2033
16220437,2031
16220365,2027
16220001,2021
16220169,2016
16219709,2011
16219655,2004
16219647,1999
16219338,1993
16219172,1994
16219204,2001
16218823,2021
16218750,2039
16218785,2050
16218199,2046
16218336,2031
16218248,2011
16217884,1995
16218057,1990
16217736,1998
16217455,2005
16217657,2011
16217292,2009
16217122,2003
16217259,2005
16216807,2014
16216883,2028
16216906,2040
16216578,2045
16216577,2046
16216452,2041
16216067,2027
16216299,2007
16216074,1987
16215687,1976
16216013,1977
16215683,1981
16215475,1981
16215746,1980
16215455,1992
16215252,2001
16215489,2007
16215193,2007
16215060,2008
16215217,2015
16214879,2012
16214959,2003
16215109,1997
16214814,1989
16215069,1988
16214969,1994
16215049,1994
16215370,1999
16215303,2000
16215225,2000
16215762,2003
16215629,1999
16216025,1980
16216555,1976
16216466,1979
16217018,1987
16217552,1985
16217877,1984
16218605,1978
16218996,1971
16219453,1962
16220569,1964
16221175,1966
16221878,1962
16223053,1968
16223776,1973
16224847,1972
16226099,1961
16226915,1956
16227964,1943
16229245,1943
16230117,1929
16231352,1942
16232599,1944
16233309,1937
16234629,1938
16235683,1941
16236529,1950
16238003,1954
16238900,1956
16239810,1966
16241210,1976
16242024,1965
16243036,1964
16244305,1951
16245075,1939
16246171,1935
16247226,1939
16247856,1938
16249020,1938
16249937,1938
16250506,1936
16251744,1941
16252489,1949
16253135,1951
16254195,1954
16254749,1951
16255510,1944
16256622,1943
16256989,1941
16257762,1943
16258715,1945
16259073,1950
16259851,1960
16260585,1965
16260865,1955
16261701,1950
16262301,1956
16262533,1964
16263413,1974
16263746,1981
16264251,1989
16265174,1996
16265349,1994
16265719,1990
16266501,1997
16266597,2001
16267185,2005
16267870,2012
16267907,2018
16268587,2026
16268939,2026
16269218,2022
16269938,2024
16270079,2028
16270268,2028
16270934,2036
16271115,2044
16271497,2038
16272091,2033
16272003,2024
16272406,2019
16273013,2022
16272866,2038
16273481,2061
16273776,2082
16273754,2086
16274315,2086
16274597,2082
16274644,2081
16275103,2087
16275092,2094
16275301,2104
16275699,2099
16275640,2083
16275944,2075
16276262,2078
16276272,2087
16276534,2099
16276767,2105
16276534,2103
16276903,2098
16276959,2081
16276911,2075
16277309,2083
16277247,2094
16277140,2097
16277400,2098
16277232,2098
16277303,2096
16277546,2091
16277168,2087
16277253,2086
16277520,2085
16277132,2087
16277127,2089
16277283,2093
16276958,2089
16277171,2090
16276898,2088
16276793,2091
16277024,2087
16276680,2095
16276546,2090
16276653,2087
16276323,2086
16276346,2087
16276420,2089
16275925,2098
16276044,2099
16276025,2094
16275717,2088
16275869,2065
16275686,2061
16275408,2054
16275552,2054
16275336,2061
16275136,2064
16275354,2072
16274982,2077
16274901,2080
16275003,2083
16274661,2079
16274690,2075
16274817,2074
16274243,2074
16274503,2076
16274459,2084
16274149,2084
16274333,2081
16274104,2084
16273949,2087
16274210,2089
16273912,2085
16273750,2071
16273939,2068
16273552,2070
16273653,2075
16273789,2078
16273397,2067
16273602,2065
16273482,2067
16273208,2070
16273380,2070
16273270,2070
16272924,2066
16273232,2069
16273039,2072
16272883,2072
16273030,2067
16272682,2063
16272698,2058
16272897,2057
16272537,2061
16272694,2066
16272538,2063
16272242,2060
16272455,2059
16272242,2061
16272011,2062
16272289,2061
16272097,2059
16271821,2058
16272124,2056
16271727,2057
16271660,2062
16271859,2070
16271520,2071
16271508,2069
16271593,2070
16271075,2069
16271356,2064
16271217,2057
16270843,2054
16271044,2060
16270759,2067
16270554,2075
16270921,2088
16270506,2092
16270261,2082
16270484,2077
16269929,2067
16270083,2058
16270127,2059
16269754,2059
16269788,2057
16269702,2055
16269362,2054
16269414,2051
16269371,2056
16268898,2056
16269266,2067
16268852,2065
16268754,2059
16268806,2061
16268408,2059
16268366,2053
16268460,2054
16268100,2059
16268127,2063
16268051,2063
16267626,2055
16267816,2069
16267719,2064
16267311,2050
16267451,2051
16267115,2050
16266902,2048
16267152,2048
16266664,2053
16266531,2057
16266653,2064
16266214,2055
16266290,2067
16266219,2068
16265840,2065
16265958,2065
16265675,2061
16265256,2057
16265526,2057
16265159,2063
16264913,2069
16265087,2072
16264653,2067
16264568,2057
16264629,2055
16264093,2057
16264088,2062
16264097,2067
16263600,2067
16263727,2066
16263476,2057
16263175,2043
16263292,2032
16262943,2031
16262768,2045
16262927,2062
16262462,2067
16262286,2064
16262367,2065
16261926,2064
16261984,2057
16261943,2057
16261428,2060
16261484,2064
16261301,2065
16260878,2055
16261008,2044
16260787,2029
16260453,2017
16260580,2023
16260213,2039
16260023,2053
16260130,2067
16259546,2073
16259522,2076
16259565,2074
16258984,2067
16259027,2057
16259059,2057
16258405,2045
16258728,2043
16258390,2043
16258140,2041
16258196,2042
16257903,2039
16257683,2033
16257730,2042
16257309,2054
16257100,2057
16257136,2067
16256756,2078
16256732,2080
16256562,2082
16256173,2077
16256229,2071
16256021,2069
16255665,2052
16255921,2037
16255482,2027
16255133,2017
16255268,2018
16254874,2016
16254775,2017
16254828,2027
16254215,2036
16254250,2034
16254288,2034
16253811,2034
16253792,2043
16253628,2045
16253181,2053
16253307,2046
16253041,2036
16252590,2030
16252688,2033
16252459,2033
16252204,2034
16252383,2038
16251878,2046
16251598,2051
16251749,2040
16251207,2038
16251268,2029
16251145,2016
16250574,2016
16250766,2023
16250552,2032
16250167,2035
16250262,2038
16249918,2040
16249697,2045
16249730,2039
16249224,2045
16248970,2041
16249166,2045
16248673,2054
16248641,2049
16248621,2043
16248076,2040
16248032,2041
16247933,2051
16247459,2054
16247558,2057
16247261,2054
16246866,2041
16247059,2028
16246718,2021
16246435,2016
16246561,2021
16246098,2025
16245875,2030
16245922,2034
16245458,2040
16245361,2051
16245350,2065
16244842,2065
16244900,2070
16244749,2073
16244327,2068
16244370,2061
16244134,2060
16243800,2066
16243894,2068
16243388,2068
16243183,2055
16243363,2049
16242751,2051
16242654,2051
16242615,2057
16242114,2057
16242233,2055
16242059,2055
16241532,2056
16241567,2057
16241383,2064
16240944,2066
16241127,2075
16240747,2081
16240428,2077
16240535,2083
16240157,2088
16239927,2079
16239927,2063
16239394,2047
16239418,2036
16239437,2043
16238888,2044
16238992,2053
16238713,2065
16238256,2070
16238460,2069
16238015,2061
16237674,2057
16237788,2053
16237376,2050
16237209,2044
16237272,2044
16236783,2041
16236655,2028
16236794,2005
16236176,1963
16236086,1907
16236045,1863
16235656,1825
16235608,1791
16235500,1758
16235033,1729
16235223,1712
16234812,1712
16234513,1712
16234608,1730
16234262,1730
16234004,1728
16234028,1746
16233608,1771
16233458,1805
16233510,1843
16233086,1889
16233013,1944
16232863,1996
16232448,2033
16232532,2089
16232332,2125
16231902,2140
16231998,2158
16231756,2182
16231289,2215
16231478,2246
16231194,2261
16230912,2262
16230972,2269
16230610,2265
16230391,2285
16230503,2301
16229986,2314
16229873,2326
16229817,2335
16229408,2335
16229420,2341
16229132,2353
16228862,2354
16228939,2353
16228607,2351
16228267,2354
16228460,2353
16228006,2341
16227742,2324
16227901,2302
16227483,2280
16227189,2268
16227309,2251
16226912,2223
16226858,2198
16226740,2170
16226258,2147
16226392,2125
16226140,2108
16225677,2086
16225948,2059
16225645,2041
16225263,2024
16225426,2011
16224946,2001
16224906,1997
16224879,1999
16224509,1999
16224356,1999
16224386,2001
16223952,1998
16223926,2002
16223981,2006
16223460,2008
16223511,2019
16223337,2024
16222872,2022
16222986,2017
16222634,2002
16222506,1991
16222595,1996
16222172,2001
16222080,2001
16222166,1997
16221656,1994
16221663,1991
16221610,1991
16221070,1998
16221107,1999
16221041,1994
16220679,1989
16220661,1991
16220614,1995
16220194,2003
16220416,2019
16220108,2015
16219756,2006
16219923,1998
16219653,1996
16219490,1997
16219576,1999
16219051,2001
16219050,2002
16219142,1993
16218683,1982
16218838,1973
16218658,1982
16218356,1990
16218493,2006
16218274,2019
16217914,2019
16218102,2019
16217856,2019
16217678,2004
16217819,1989
16217409,1979
16217429,1982
16217546,1984
16217172,1984
16217295,1982
16217359,1972
16216931,1961
16217149,1957
16217213,1965
16217036,1974
16217297,1982
16217204,1997
16217157,2008
16217595,2023
16217488,2007
16217516,1996
16218049,1990
16218129,1982
16218301,1971
16218957,1964
16219047,1960
16219605,1962
16220197,1960
16220517,1967
16221285,1970
16222059,1975
16222569,1973
16223633,1969
16224447,1962
16225208,1954
16226420,1951
16227172,1952
16228284,1957
16229582,1965
16230431,1973
16231540,1976
16232947,1970
16233772,1959
16234976,1947
16236276,1951
16236943,1956
16238294,1961
16239509,1953
16240327,1944
16241662,1941
16242625,1942
16243548,1944
16244848,1948
16245719,1946
16246682,1943
16248075,1942
16248841,1932
16249762,1922
16250816,1914
16251526,1912
16252650,1917
16253530,1932
16254227,1936
16255208,1935
16256029,1937
16256654,1937
16257678,1940
16258404,1945
16258988,1939
16259924,1938
16260519,1937
16261200,1944
16262094,1956
16262482,1963
16263189,1954
16263981,1944
16264219,1936
16264927,1931
16265637,1934
16265968,1940
16266704,1951
16267170,1959
16267380,1961
16268304,1962
16268558,1974
16268820,1986
16269608,1993
16269826,1988
16270272,1987
16271161,1994
16271154,2003
16271543,2012
16272149,2012
16272282,2005
16272963,2012
16273258,2019
16273388,2031
16273999,2042
16274332,2045
16274518,2040
16275033,2043
16275304,2045
16275357,2057
16276071,2063
16276122,2059
16276439,2058
16276984,2059
16276971,2058
16277288,2055
16277745,2061
16277614,2065
16278015,2071
16278430,2077
16278328,2090
16278832,2089
16279016,2091
16278938,2097
16279360,2105
16279525,2107
16279484,2100
16279996,2086
16279912,2076
16279978,2082
16280428,2081
16280097,2092
16280362,2083
16280656,2076
16280271,2070
16280608,2077
16280776,2090
16280608,2097
16280827,2101
16280772,2111
16280571,2107
16280749,2101
16280734,2097
16280520,2095
16280720,2103
16280385,2102
16280352,2095
16280679,2094
16280262,2092
16280176,2083
16280279,2076
16279961,2078
16280140,2092
16280076,2103
16279730,2098
16279888,2098
16279800,2101
16279510,2109
16279571,2115
16279377,2113
16279162,2100
16279327,2085
16279003,2074
16278853,2076
16278938,2085
16278643,2088
16278614,2086
16278759,2081
16278357,2071
16278495,2067
16278364,2062
16278054,2061
16278166,2061
16278094,2061
16277833,2062
16278113,2063
16277833,2074
16277661,2075
16277845,2074
16277593,2067
16277498,2063
16277658,2067
16277318,2073
16277251,2075
16277391,2077
16277083,2073
16277272,2074
16277269,2074
16276803,2072
16276989,2075
16276979,2073
16276592,2071
16276885,2075
16276666,2080
16276442,2083
16276640,2090
16276346,2089
16276327,2085
16276436,2080
16276021,2071
16276089,2054
16276219,2044
16275819,2042
16276049,2051
16276015,2054
16275649,2051
16275778,2051
16275728,2055
16275413,2053
16275608,2063
16275377,2069
16275159,2071
16275371,2073
16275044,2064
16274864,2056
16275188,2060
16274690,2070
16274821,2070
16274816,2076
16274453,2064
16274569,2067
16274600,2057
16274114,2042
16274292,2042
16274142,2050
16273796,2059
16274065,2069
16273743,2069
16273610,2068
16273790,2067
16273431,2082
16273257,2081
16273542,2081
16273044,2083
16272981,2080
16273073,2074
16272648,2074
16272909,2074
16272731,2079
16272274,2071
16272470,2065
16272242,2071
16272072,2074
16272219,2072
16272009,2070
16271573,2063
16271852,2063
16271591,2063
16271319,2060
16271522,2061
16270986,2061
16271095,2066
16271108,2074
16270560,2078
16270684,2078
16270625,2069
16270215,2059
16270421,2058
16270105,2053
16269744,2042
16270028,2042
16269770,2047
16269449,2055
16269624,2066
16269146,2072
16269063,2072
16269077,2077
16268642,2080
16268570,2081
16268650,2079
16268214,2070
16268278,2052
16268263,2042
16267781,2039
16267827,2043
16267768,2047
16267311,2044
16267460,2047
16267052,2047
16266829,2055
16266968,2057
16266668,2057
16266484,2052
16266394,2047
16266109,2047
16266090,2050
16266021,2054
16265582,2057
16265617,2058
16265495,2055
16265152,2052
16265179,2048
16264882,2047
16264413,2046
16264672,2054
16264255,2061
16264148,2059
16264260,2061
16263829,2058
16263567,2054
16263635,2044
16263244,2043
16263245,2044
16263182,2041
16262619,2037
16262823,2042
16262585,2046
16262322,2043
16262257,2050
16262106,2060
16261648,2060
16261886,2054
16261480,2051
16261155,2042
16261297,2040
16260943,2042
16260838,2047
16260858,2053
16260364,2051
16260295,2038
16260248,2046
16259806,2050
16259935,2051
16259667,2053
16259187,2051
16259479,2054
16259141,2049
16258804,2033
16258845,2031
16258581,2036
16258351,2046
16258498,2042
16257991,2029
16257741,2030
16257797,2039
16257336,2055
16257215,2069
16257257,2068
16256721,2060
16256863,2053
16256727,2055
16256238,2055
16256389,2054
16255977,2053
16255704,2052
16255806,2045
16255454,2041
16255165,2034
16255423,2027
16254907,2025
16254756,2024
16254824,2022
16254315,2015
16254082,2013
16254181,2016
16253740,2018
16253645,2026
16253527,2037
16253098,2045
16253188,2052
16253014,2055
16252647,2047
16252809,2042
16252381,2043
16252074,2038
16252229,2040
16251672,2035
16251503,2031
16251551,2028
16251025,2023
16251019,2025
16251016,2030
16250529,2032
16250527,2040
16250362,2056
16249930,2075
16250006,2088
16249818,2097
16249330,2097
16249400,2099
16249075,2107
16248740,2106
16248885,2108
16248470,2108
16248223,2117
16248308,2133
16247806,2142
16247641,2139
16247677,2131
16247160,2120
16247172,2122
16247024,2131
16246616,2141
16246600,2143
16246394,2140
16245975,2134
16246196,2136
16245859,2135
16245368,2131
16245503,2121
16245146,2105
16244801,2106
16244961,2113
16244467,2111
16244402,2101
16244332,2102
16243758,2107
16243813,2116
16243593,2122
16243238,2131
16243338,2136
16243047,2127
16242568,2123
16242666,2113
16242333,2112
16242003,2107
16242197,2111
16241694,2116
16241330,2119
16241490,2115
16241078,2127
16240932,2127
16240974,2117
16240325,2097
16240370,2077
16240238,2054
16239862,2028
16239991,1996
16239601,1957
16239173,1926
16239322,1886
16239028,1860
16238698,1819
16238755,1788
16238273,1765
16238040,1751
16238104,1741
16237638,1744
16237573,1762
16237593,1793
16237120,1830
16237001,1861
16236915,1901
16236284,1946
16236609,1993
16236369,2040
16235843,2086
16236072,2138
16235840,2187
16235344,2225
16235553,2248
16235094,2258
16234876,2265
16234909,2275
16234431,2280
16234320,2293
16234351,2309
16233843,2318
16233740,2329
16233705,2344
16233317,2353
16233354,2364
16233189,2362
16232814,2359
16232823,2366
16232498,2372
16232221,2371
16232213,2370
16231872,2365
16231597,2350
16231753,2339
16231246,2329
16231136,2322
16231183,2313
16230702,2303
16230705,2299
16230551,2288
16230162,2269
16230196,2238
16229969,2201
16229735,2173
16229760,2152
16229406,2138
16229075,2121
16229195,2102
16228857,2081
16228657,2058
16228656,2040
16228267,2027
16228124,2023
16228134,2030
16227687,2037
16227638,2038
16227596,2035
16227153,2024
16227170,2025
16226946,2033
16226615,2038
16226734,2044
16226463,2047
16226108,2033
16226348,2024
16225858,2017
16225761,2011
16225752,2015
16225358,2016
16225234,2020
16225352,2020
16224793,2012
16224826,2013
16224838,2021
16224190,2022
16224515,2023
16224165,2018
16223772,2015
16223983,2020
16223589,2022
16223432,2022
16223571,2030
16223072,2023
16223043,2031
16223176,2026
16222751,2011
16222564,2008
16222558,2016
16222291,2016
16222227,2015
16222186,2007
16221754,1991
16221849,1990
16221746,1981
16221309,1994
16221494,2000
16221280,2007
16220952,2020
16221207,2031
16220875,2032
16220712,2026
16220786,2023
16220452,2020
16220445,2011
16220535,2003
16220159,1993
16220238,1991
16220209,1990
16220036,1996
16220229,1998
16220214,1997
16219886,2001
16220252,2008
16220170,2010
16220040,2009
16220391,2013
16220285,2022
16220343,2016
16220821,2004
16220828,1987
16221190,1984
16221682,1994
16221642,1998
16222252,1994
16222760,1986
16222946,1980
16223766,1976
16224318,1983
16224739,1985
16225932,1991
16226600,1987
16227242,1981
16228617,1981
16229362,1978
16230511,1971
16231700,1966
16232318,1957
16233656,1953
16234839,1959
16235609,1958
16236995,1960
16238140,1966
16238942,1959
16240368,1942
16241335,1927
16242308,1917
16243598,1924
16244529,1932
16245474,1931
16246867,1932
16247631,1932
16248564,1932
16249894,1933
16250720,1933
16251904,1936
16252949,1938
16253398,1937
16254683,1940
16255542,1943
16256237,1942
16257331,1948
16258041,1951
16258569,1945
16259735,1938
16260354,1932
16260973,1927
16262066,1931
16262388,1935
16263208,1941
16264148,1948
16264394,1951
16265158,1953
16265821,1959
16266133,1961
16266995,1968
16267529,1976
16267845,1978
16268684,1984
16269047,1986
16269455,1990
16270303,1980
16270462,1976
16270891,1969
16271699,1984
16271830,1992
16272349,2004
16273020,2008
16273139,1991
16273785,1979
16274172,1971
16274331,1970
16274850,1982
16275253,1994
16275501,2008
16276091,2022
16276309,2027
16276355,2053
16277072,2062
16277183,2067
16277391,2065
16278099,2070
16277935,2072
16278371,2067
16278854,2064
16278916,2056
16279215,2050
16279577,2061
16279516,2071
16280117,2079
16280314,2089
16280214,2093
16280858,2092
16280864,2088
16280824,2085
16281326,2087
16281319,2085
16281505,2083
16281749,2086
16281556,2083
16281851,2083
16282058,2090
16281834,2089
16282189,2092
16282252,2097
16282108,2095
16282425,2090
16282338,2086
16282119,2081
16282478,2078
16282421,2074
16282284,2069
16282426,2068
16282157,2065
16282159,2067
16282421,2077
16281954,2088
16281955,2093
16282177,2095
16281746,2095
16281970,2096
16281897,2093
16281338,2083
16281495,2074
16281455,2073
16281165,2069
16281451,2072
16281173,2082
16280922,2082
16281214,2081
16280868,2081
16280696,2085
16280866,2089
16280452,2086
16280384,2081
16280514,2082
16280153,2080
16280292,2076
16280181,2078
16279791,2073
16280062,2070
16279880,2066
16279490,2062
16279697,2062
16279519,2053
16279283,2050
16279585,2051
16279141,2057
16279065,2056
16279271,2066
16278959,2072
16278960,2074
16279038,2075
16278582,2076
16278697,2071
16278853,2060
16278510,2065
16278694,2066
16278538,2067
16278290,2065
16278462,2056
16278201,2049
16277984,2046
16278250,2040
16277999,2056
16277801,2055
16278062,2055
16277656,2066
16277652,2072
16277919,2074
16277533,2073
16277576,2070
16277548,2070
16277165,2084
16277399,2081
16277372,2087
16276993,2068
16277128,2049
16276974,2035
16276763,2032
16277043,2038
16276691,2044
16276489,2050
16276652,2057
16276430,2063
16276287,2063
16276497,2059
16276119,2056
16276031,2054
16276152,2056
16275782,2065
16275924,2067
16275726,2067
16275420,2059
16275590,2055
16275531,2045
16275202,2041
16275375,2042
16275178,2048
16274877,2055
16275092,2061
16274751,2061
16274534,2057
16274685,2060
16274340,2060
16274207,2063
16274420,2073
16273938,2081
16273981,2078
16273979,2079
16273493,2073
16273633,2068
16273579,2067
16273102,2061
16273338,2056
16273031,2056
16272895,2053
16272995,2051
16272587,2053
16272354,2053
16272647,2057
16272218,2057
16272163,2055
16272118,2070
16271837,2077
16271730,2078
16271766,2077
16271265,2065
16271382,2053
16271329,2047
16270960,2047
16271090,2049
16270846,2057
16270449,2059
16270646,2058
16270311,2052
16270057,2051
16270231,2056
16269755,2057
16269613,2059
16269814,2065
16269334,2070
16269384,2077
16269239,2072
16268856,2048
16268862,2032
16268824,2028
16268316,2036
16268484,2045
16268273,2051
16267854,2045
16268046,2041
16267620,2043
16267368,2054
16267613,2061
16267109,2055
16266926,2052
16267024,2049
16266614,2047
16266620,2042
16266515,2039
16266069,2037
16266047,2047
16265882,2061
16265474,2076
16265695,2081
16265520,2085
16265081,2074
16265152,2060
16264895,2047
16264686,2058
16264779,2053
16264246,2037
16264134,2033
16264206,2043
16263767,2051
16263666,2055
16263608,2054
16263152,2054
16263283,2061
16263146,2052
16262702,2052
16262834,2035
16262634,2028
16262207,2031
16262243,2032
16262014,2036
16261690,2041
16261697,2050
16261373,2054
16261150,2051
16261258,2048
16260736,2040
16260692,2033
16260684,2030
16260298,2033
16260184,2037
16260148,2054
16259625,2062
16259733,2064
16259633,2063
16259115,2067
16259161,2067
16258939,2068
16258588,2056
16258741,2046
16258320,2034
16258141,2023
16258175,2021
16257689,2027
16257656,2032
16257731,2038
16257195,2043
16257061,2043
16257093,2040
16256601,2035
16256630,2032
16256465,2034
16256033,2035
16256095,2031
16255919,2025
16255565,2016
16255618,2015
16255165,2019
16254907,2026
16255132,2032
16254585,2027
16254362,2019
16254375,2025
16253972,2031
16253952,2035
16253847,2035
16253385,2029
16253400,2027
16253241,2025
16252638,2028
16252860,2031
16252560,2037
16252177,2039
16252364,2042
16251987,2045
16251628,2047
16251847,2051
16251303,2058
16251185,2055
16251184,2059
16250762,2055
16250600,2047
16250538,2039
16250070,2038
16250103,2035
16249978,2037
16249380,2038
16249503,2046
16249268,2054
16248940,2053
16249040,2055
16248600,2060
16248261,2060
16248285,2053
16247959,2041
16247772,2028
16247789,2033
16247335,2033
16247114,2057
16247190,2065
16246625,2056
16246669,2047
16246453,2042
16245986,2044
16246133,2049
16245848,2047
16245447,2044
16245610,2053
16245199,2053
16244951,2062
16245110,2057
16244484,2051
16244163,2050
16244282,2045
16243835,2039
16243724,2038
16243773,2047
16243241,2055
16243244,2061
16243071,2071
16242693,2073
16242641,2069
16242461,2064
16242087,2055
16242102,2041
16241846,2028
16241446,2013
16241575,1990
16241113,1964
16240845,1931
16241092,1889
16240477,1840
16240325,1793
16240375,1748
16239914,1716
16239877,1701
16239819,1699
16239269,1701
16239412,1715
16239125,1726
16238766,1729
16238811,1740
16238406,1766
16237941,1805
16238191,1849
16237784,1898
16237535,1952
16237664,2013
16237334,2068
16237062,2109
16237143,2141
16236585,2169
16236500,2189
16236400,2209
16235919,2219
16236076,2233
16235822,2241
16235423,2252
16235597,2262
16235291,2265
16234796,2267
16234890,2274
16234529,2284
16234223,2296
16234448,2308
16233950,2320
16233718,2328
16233678,2333
16233220,2328
16233225,2333
16233302,2329
16232623,2321
16232744,2310
16232607,2295
16232198,2290
16232248,2277
16232052,2257
16231636,2237
16231800,2209
16231354,2195
16231108,2175
16231247,2157
16230771,2129
16230516,2107
16230628,2087
16230151,2069
16230106,2055
16230070,2046
16229574,2032
16229589,2013
16229586,2010
16229031,2009
16229071,2007
16228976,2005
16228596,2006
16228689,2004
16228348,2013
16227957,2004
16228205,2018
16227758,2020
16227476,2012
16227716,2013
16227172,2005
16227168,1991
16227218,1983
16226646,1978
16226653,1976
16226537,1981
16226167,1978
16226269,2005
16226123,2009
16225667,2013
16225729,2008
16225466,2001
16225139,1995
16225339,1990
16224896,1989
16224774,1991
16224877,1995
16224438,1998
16224306,1997
16224456,1996
16223911,1990
16223980,1992
16224005,1996
16223527,1995
16223547,2002
16223402,2010
16223040,2007
16223137,2002
16223070,1993
16222650,1989
16222735,1991
16222522,1986
16222305,1978
16222579,1966
16222160,1959
16221904,1963
16222135,1975
16221682,1981
16221737,1981
16221794,1986
16221450,1993
16221548,2005
16221538,2003
16221180,1987
16221451,1981
16221347,1982
16221166,1984
16221433,1990
16221347,1995
16221164,1996
16221510,1998
16221286,1994
16221437,1983
16221921,1967
16221658,1957
16222010,1961
16222527,1975
16222477,1984
16223133,1989
16223512,1989
16223704,1986
16224572,1982
16225158,1976
16225403,1978
16226587,1978
16227071,1976
16227856,1972
16229242,1970
16229813,1968
16230909,1959
16232157,1947
16232945,1935
16234106,1928
16235339,1927
16236135,1925
16237407,1926
16238515,1925
16239458,1932
16240956,1945
16241916,1952
16242762,1943
16244107,1933
16245179,1927
16246125,1915
16247412,1918
16248320,1925
16249320,1930
16250607,1932
16251477,1938
16252448,1938
16253676,1939
16254236,1935
16255364,1934
16256311,1930
16256891,1927
16257970,1920
16258896,1933
16259514,1926
16260655,1911
16261305,1908
16261855,1905
16262929,1912
16263459,1927
16264092,1935
16264987,1945
16265337,1958
16266117,1951
16266988,1960
16267281,1956
16267989,1955
16268768,1962
16269015,1964
16269751,1966
16270385,1964
16270530,1963
16271319,1962
16271766,1957
16272010,1954
16272818,1960
16273129,1971
16273452,1973
16274106,1979
16274330,1983
16274729,1988
16275329,1996
16275478,2002
16276041,2002
16276566,2006
16276556,2016
16277206,2032
16277568,2040
16277649,2049
16278205,2048
16278521,2051
16278606,2052
16279282,2050
16279257,2051
16279504,2050
16280143,2047
16280009,2042
16280371,2041
16280877,2045
16280874,2055
16281139,2062
16281640,2073
16281473,2073
16281964,2072
16282168,2072
16282097,2077
16282533,2083
16282576,2090
16282592,2088
16283006,2083
16282987,2078
16283027,2078
16283496,2088
16283289,2097
16283395,2096
16283699,2093
16283391,2088
16283524,2087
16283964,2089
16283560,2089
16283791,2091
16283803,2096
16283615,2093
16283751,2091
16283748,2095
16283573,2101
16283732,2103
16283555,2102
16283296,2097
16283580,2088
16283327,2081
16283064,2077
16283411,2081
16282948,2070
16282908,2065
16283052,2067
16282603,2072
16282636,2074
16282675,2073
16282331,2068
16282379,2066
16282262,2066
16281902,2069
16282267,2075
16281976,2076
16281722,2080
16281890,2085
16281555,2084
16281431,2079
16281637,2071
16281206,2061
16281166,2058
16281211,2057
16280953,2077
16280929,2080
16280946,2081
16280660,2081
16280783,2076
16280704,2077
16280413,2084
16280561,2083
16280350,2083
16280150,2083
16280282,2072
16280084,2083
16279967,2083
16280166,2080
16279717,2083
16279705,2083
16279926,2093
16279505,2093
16279625,2084
16279658,2073
16279292,2063
16279553,2058
16279426,2050
16279133,2055
16279261,2064
16279151,2071
16278862,2068
16279178,2065
16278951,2058
16278743,2053
16278975,2054
16278585,2053
16278483,2050
16278657,2056
16278337,2057
16278298,2063
16278438,2067
16278008,2065
16278028,2070
16278075,2085
16277746,2095
16277880,2096
16277717,2085
16277484,2069
16277635,2065
16277376,2071
16277149,2081
16277378,2087
16276991,2085
16276940,2081
16277245,2075
16276752,2076
16276700,2079
16276765,2081
16276366,2075
16276474,2068
16276433,2061
16276022,2056
16276151,2057
16275987,2064
16275740,2067
16275883,2069
16275664,2075
16275315,2076
16275535,2073
16275149,2065
16275000,2062
16275242,2066
16274720,2073
16274685,2073
16274862,2067
16274289,2059
16274445,2051
16274363,2056
16273951,2065
16274199,2073
16273949,2076
16273517,2073
16273724,2068
16273440,2063
16273215,2051
16273286,2045
16272971,2034
16272692,2036
16272897,2045
16272483,2062
16272522,2072
16272553,2075
16272047,2063
16272035,2061
16272074,2065
16271572,2061
16271674,2065
16271527,2068
16271151,2071
16271247,2079
16270970,2078
16270682,2064
16270785,2058
16270524,2042
16270322,2049
16270331,2045
16269987,2038
16269713,2045
16269818,2058
16269355,2059
16269325,2057
16269425,2053
16268860,2055
16268878,2059
16268764,2059
16268407,2072
16268641,2065
16268235,2062
16267883,2062
16268071,2071
16267686,2073
16267401,2069
16267548,2065
16267098,2065
16266954,2065
16267088,2062
16266594,2057
16266512,2051
16266412,2048
16265901,2045
16266118,2045
16266004,2050
16265505,2055
16265685,2063
16265326,2063
16264958,2055
16265091,2051
16264759,2055
16264501,2056
16264673,2059
16264211,2064
16264037,2066
16264196,2071
16263530,2070
16263549,2058
16263458,2047
16263044,2039
16263011,2039
16262963,2042
16262440,2039
16262656,2039
16262367,2045
16261896,2045
16262023,2042
16261760,2040
16261458,2038
16261527,2040
16261234,2046
16260933,2055
16260998,2052
16260510,2038
16260436,2036
16260518,2039
16260023,2044
16259919,2053
16259976,2055
16259382,2055
16259439,2057
16259154,2058
16258907,2058
16258994,2049
16258561,2038
16258244,2030
16258359,2032
16258095,2032
16257771,2023
16257900,2021
16257410,2027
16257348,2031
16257340,2037
16256901,2040
16256816,2040
16256796,2046
16256151,2055
16256236,2056
16256130,2054
16255577,2043
16255651,2035
16255395,2031
16254978,2031
16255188,2035
16254754,2037
16254512,2035
16254554,2038
16254167,2037
16253970,2029
16253968,2035
16253425,2039
16253380,2041
16253345,2039
16252944,2028
16252916,2022
16252853,2025
16252249,2010
16252394,2019
16252115,2024
16251679,2024
16251778,2036
16251479,2045
16251035,2045
16251186,2047
16250777,2044
16250537,2040
16250582,2053
16250074,2054
16249986,2069
16250016,2072
16249518,2074
16249528,2081
16249429,2085
16248831,2086
16249013,2084
16248657,2076
16248190,2068
16248392,2071
16247994,2079
16247670,2080
16247882,2075
16247278,2064
16247125,2050
16247134,2040
16246652,2037
16246576,2037
16246475,2048
16245876,2052
16246074,2057
16245906,2065
16245334,2066
16245452,2061
16245243,2058
16244771,2049
16244859,2043
16244518,2035
16244149,2042
16244258,2052
16243766,2055
16243750,2051
16243762,2049
16243243,2049
16243048,2049
16243093,2047
16242527,2048
16242527,2049
16242406,2052
16241857,2059
16241955,2069
16241737,2077
16241215,2080
16241324,2073
16241032,2064
16240825,2039
16240904,2013
16240532,1977
16240055,1936
16240240,1891
16239823,1843
16239702,1798
16239626,1763
16239105,1740
16239118,1717
16238968,1701
16238334,1692
16238511,1692
16238281,1705
16237950,1724
16238161,1750
16237723,1781
16237370,1815
16237519,1852
16237042,1892
16236882,1938
16236885,1986
16236455,2034
16236139,2076
16236435,2114
16235835,2149
16235769,2177
16235752,2203
16235349,2213
16235309,2226
16235096,2239
16234614,2254
16234677,2274
16234414,2299
16234144,2304
16234343,2303
16233972,2311
16233618,2318
16233694,2323
16233177,2325
16233104,2329
16233117,2329
16232673,2330
16232402,2326
16232466,2325
16232017,2328
16231930,2331
16231960,2334
16231447,2327
16231631,2312
16231419,2300
16230957,2281
16231084,2256
16230773,2231
16230468,2204
16230578,2177
16230243,2147
16229998,2117
16229994,2086
16229614,2059
16229475,2045
16229467,2038
16228890,2023
16228910,2023
16228944,2029
16228452,2039
16228478,2036
16228356,2027
16227917,2014
16227990,2017
16227788,2010
16227434,2018
16227650,2015
16227146,2014
16226891,2009
16227108,2011
16226613,2016
16226472,2020
16226595,2023
16226037,2017
16226054,2008
16226013,2002
16225663,1997
16225658,1997
16225462,1998
16225158,1993
16225280,1993
16225011,1995
16224557,1984
16224801,1973
16224512,1979
16224206,1993
16224418,2004
16223971,2009
16223752,2006
16223948,2001
16223479,1993
16223438,1992
16223413,1997
16223009,2003
16223206,2006
16223087,2010
16222549,2013
16222686,2021
16222601,2025
16222283,2021
16222448,2011
16222124,2005
16221803,2003
16222016,2006
16221631,2002
16221733,2000
16221839,1995
16221324,1995
16221392,1996
16221447,1998
16221135,1992
16221207,1989
16221148,1992
16220812,1993
16221085,1998
16220951,2000
16220684,2003
16220905,2007
16220664,1994
16220662,1982
16220982,1974
16220782,1975
16220849,1973
16221250,1974
16221006,1972
16221339,1971
16221798,1973
16221702,1987
16222215,1983
16222690,1965
16222854,1959
16223462,1966
16223879,1974
16224209,1978
16225187,1976
16225731,1962
16226389,1957
16227468,1953
16228138,1970
16229087,1971
16230351,1962
16231086,1954
16232290,1947
16233572,1940
16234372,1933
16235677,1928
16236843,1932
16237622,1928
16238944,1952
16240332,1959
16241082,1961
16242512,1957
16243354,1949
16244339,1941
16245846,1935
16246803,1930
16247702,1926
16249002,1931
16249855,1935
16250907,1935
16252191,1937
16252789,1940
16253817,1939
16255142,1947
16255646,1958
16256731,1957
16257788,1958
16258172,1951
16259358,1940
16260077,1927
16260783,1918
16261791,1921
16262304,1933
16262951,1943
16263874,1952
16264474,1960
16265109,1970
16265947,1973
16266372,1965
16267041,1957
16267880,1954
16268178,1953
16268946,1955
16269512,1959
16269838,1958
16270509,1958
16271042,1956
16271246,1955
16272167,1964
16272381,1971
16272769,1975
16273624,1981
16273707,1987
16274134,1993
16274812,2003
16274833,2007
16275490,2009
16276008,2015
16276058,2016
16276620,2023
16277183,2031
16277070,2032
16277641,2031
16277852,2037
16278019,2040
16278771,2045
16279031,2057
16279096,2066
16279588,2069
16279619,2064
16279891,2049
16280384,2038
16280409,2037
16280735,2043
16281206,2059
16281093,2071
16281430,2078
16281730,2083
16281605,2074
16281965,2070
16282232,2069
16282148,2071
16282403,2072
16282509,2074
16282451,2080
16282927,2089
16282886,2097
16282769,2106
16283183,2105
16282949,2087
16282997,2083
16283350,2088
16282966,2091
16283092,2092
16283329,2095
16283069,2098
16283089,2097
16283194,2092
16282874,2098
16283063,2093
16282876,2087
16282661,2085
16282856,2080
16282619,2078
16282418,2081
16282697,2082
16282205,2083
16282142,2093
16282307,2095
16281849,2115
16281887,2123
16281965,2122
16281547,2107
16281673,2095
16281556,2094
16281135,2099
16281296,2105
16281223,2102
16280915,2092
16281164,2077
16280735,2065
16280563,2053
16280677,2052
16280358,2057
16280172,2065
16280457,2071
16280037,2079
16279998,2086
16280151,2089
16279764,2085
16279837,2079
16279809,2073
16279390,2066
16279622,2067
16279578,2073
16279193,2081
16279374,2088
16279179,2086
16278900,2080
16279081,2069
16278938,2064
16278731,2054
16278979,2046
16278512,2052
16278608,2062
16278745,2071
16278319,2075
16278404,2081
16278496,2083
16278088,2080
16278246,2073
16278199,2069
16277855,2067
16278091,2065
16277904,2066
16277682,2061
16277885,2063
16277627,2071
16277467,2076
16277576,2087
16277249,2089
16277191,2089
16277400,2085
16277024,2081
16277081,2079
16277236,2081
16276667,2085
16276803,2088
16276809,2088
16276412,2086
16276654,2086
16276404,2081
16276066,2065
16276345,2057
16275988,2054
16275792,2053
16276132,2052
16275632,2053
16275469,2047
16275732,2054
16275295,2059
16275325,2063
16275213,2069
16274926,2069
16275016,2074
16275065,2074
16274531,2073
16274722,2079
16274628,2082
16274184,2071
16274347,2069
16274253,2068
16273938,2067
16274101,2071
16273816,2075
16273648,2070
16273648,2063
16273260,2057
16273121,2069
16273437,2074
16272846,2073
16272951,2078
16272916,2085
16272295,2078
16272555,2062
16272413,2046
16272098,2044
16272165,2065
16271983,2073
16271618,2091
16271801,2092
16271419,2079
16271145,2055
16271372,2044
16271016,2054
16270785,2068
16270891,2080
16270292,2077
16270266,2073
16270344,2073
16269860,2077
16270090,2080
16269787,2081
16269481,2074
16269590,2066
16269331,2058
16269085,2052
16269091,2053
16268731,2055
16268568,2058
16268759,2064
16268249,2067
16268031,2065
16268090,2056
16267727,2054
16267608,2055
16267732,2056
16267194,2053
16267149,2050
16267147,2055
16266622,2062
16266805,2071
16266459,2070
16266116,2065
16266233,2067
16265941,2074
16265609,2075
16265810,2069
16265338,2061
16265086,2053
16265296,2053
16264829,2052
16264622,2050
16264694,2045
16264089,2042
16264093,2035
16264099,2035
16263639,2032
16263714,2037
16263535,2042
16263136,2044
16263280,2040
16262897,2044
16262558,2045
16262607,2050
16262336,2051
16262040,2051
16262129,2057
16261676,2057
16261538,2055
16261627,2057
16261088,2053
16261065,2040
16261026,2029
16260525,2019
16260591,2021
16260370,2031
16259865,2034
16260033,2027
16259813,2031
16259466,2037
16259509,2045
16259199,2055
16258922,2064
16259117,2072
16258561,2068
16258339,2065
16258507,2078
16257963,2078
16257983,2070
16257835,2067
16257357,2059
16257428,2052
16257211,2054
16256700,2060
16256811,2072
16256535,2074
16256208,2061
16256235,2065
16256063,2063
16255597,2057
16255717,2062
16255284,2065
16255082,2063
16255211,2060
16254732,2055
16254582,2055
16254568,2075
16254174,2073
16254041,2087
16253940,2081
16253449,2065
16253512,2057
16253308,2050
16252786,2043
16252945,2045
16252566,2054
16252184,2059
16252305,2066
16251934,2070
16251758,2076
16251877,2079
16251244,2078
16251192,2072
16251254,2071
16250812,2066
16250684,2060
16250563,2059
16250112,2058
16250231,2066
16250038,2073
16249574,2075
16249692,2062
16249397,2040
16248985,2019
16249146,2000
16248715,1977
16248444,1942
16248500,1902
16248029,1857
16247868,1816
16247831,1781
16247356,1755
16247298,1739
16247248,1732
16246770,1730
16246698,1731
16246603,1743
16246226,1763
16246383,1783
16245992,1805
16245670,1833
16245784,1871
16245395,1911
16245063,1959
16245316,2019
16244756,2079
16244539,2126
16244601,2159
16244017,2175
16244057,2187
16244097,2200
16243534,2217
16243587,2231
16243554,2247
16242941,2257
16243091,2262
16242739,2275
16242260,2286
16242519,2297
16242219,2302
16241767,2304
16241929,2312
16241524,2325
16241226,2334
16241368,2339
16240785,2339
16240648,2337
16240653,2331
16240098,2327
16240241,2317
16240020,2310
16239589,2299
16239572,2287
16239504,2277
16238974,2261
16239073,2241
16238841,2224
16238520,2202
16238471,2171
16238150,2147
16237823,2121
16237918,2095
16237480,2081
16237302,2069
16237283,2062
16236889,2051
16236831,2043
16236691,2057
16236200,2041
16236229,2021
16236148,2007
16235552,1994
16235667,1988
16235442,1994
16235034,1997
16235170,2010
16234660,2022
16234493,2017
16234664,2030
16234134,2025
16233968,2021
16234014,2018
16233557,2014
16233332,2012
16233312,2012
16232909,2005
16232867,2002
16232778,2008
16232358,2014
16232397,2018
16232126,2020
16231653,2017
16231774,2011
16231465,2008
16231196,2002
16231271,1999
16230822,1994
16230615,1992
16230646,2000
16230189,2005
16230136,2009
16230106,2016
16229621,2016
16229599,2008
16229604,2001
16229146,1997
16229179,1997
16228971,2009
16228604,2014
16228679,2009
16228460,1998
16228056,1996
16228219,2003
16227938,2007
16227710,2005
16227803,2001
16227278,1992
16227342,1986
16227385,1987
16227069,1992
16227045,1994
16227143,2006
16226666,2014
16226776,2007
16226793,1994
16226430,1983
16226746,1982
16226595,1983
16226329,1985
16226719,1993
16226558,1993
16226533,1995
16226981,1993
16226882,1984
16227035,1980
16227516,1982
16227433,1984
16227894,1990
16228474,1991
16228528,1987
16229323,1976
16229752,1963
16230026,1950
16231084,1949
16231711,1947
16232268,1947
16233321,1948
16234148,1941
16234883,1939
16236111,1937
16236823,1936
16237712,1939
16239162,1959
16239963,1967
16241071,1971
16242341,1970
16243036,1970
16244308,1961
16245452,1949
16246252,1945
16247635,1945
16248667,1948
16249441,1945
16250862,1947
16251685,1937
16252736,1928
16254018,1917
16254716,1931
16255675,1933
16256858,1931
16257381,1934
16258455,1935
16259429,1935
16259952,1937
16261033,1935
16261935,1934
16262429,1942
16263392,1937
16264120,1956
16264716,1956
16265668,1956
16266157,1950
16266778,1943
16267674,1944
16268097,1953
16268537,1957
16269465,1957
16269654,1948
16270338,1938
16271130,1941
16271310,1954
16271942,1967
16272595,1979
16272786,1979
16273525,1974
16273879,1973
16274125,1973
16274880,1978
16275281,1982
16275462,1986
16276191,1996
16276386,2010
16276627,2015
16277330,2018
16277397,2018
16277710,2023
16278319,2031
16278332,2038
16278744,2045
16279361,2047
16279272,2047
16279868,2046
16280176,2050
16280247,2052
16280730,2051
16281086,2047
16280946,2045
16281520,2054
16281659,2066
16281752,2074
16282252,2086
16282188,2090
16282349,2089
16282855,2088
16282798,2088
16283020,2089
16283365,2086
16283108,2089
16283509,2094
16283651,2095
16283619,2086
16283925,2080
16283928,2075
16283869,2078
16284352,2085
16284068,2089
16284012,2080
16284291,2074
16284177,2077
16284253,2087
16284528,2096
16284178,2101
16284118,2102
16284444,2102
16284001,2100
16284044,2104
16284139,2113
16283724,2110
16283981,2117
16283833,2115
16283594,2101
16283803,2086
16283597,2070
16283350,2053
16283615,2054
16283221,2060
16283011,2067
16283223,2075
16282822,2082
16282879,2097
16282961,2111
16282477,2113
16282467,2105
16282502,2087
16282204,2079
16282238,2072
16282111,2072
16281662,2094
16281927,2097
16281706,2088
16281430,2086
16281610,2077
16281282,2064
16281211,2050
16281308,2044
16280948,2045
16280913,2059
16281105,2061
16280674,2077
16280757,2087
16280755,2098
16280371,2104
16280415,2108
16280472,2107
16280146,2097
16280313,2085
16280145,2076
16279806,2069
16280068,2077
16279875,2090
16279537,2092
16279810,2081
16279481,2062
16279473,2055
16279658,2057
16279313,2057
16279299,2057
16279422,2059
16278997,2059
16279135,2064
16279174,2068
16278793,2069
16278906,2064
16278880,2061
16278515,2062
16278822,2067
16278640,2072
16278310,2066
16278598,2062
16278234,2065
16278171,2073
16278360,2075
16277839,2075
16277875,2071
16278002,2069
16277564,2067
16277670,2065
16277592,2064
16277158,2060
16277447,2063
16277267,2061
16276921,2051
16277148,2045
16276854,2052
16276569,2060
16276928,2067
16276467,2071
16276298,2069
16276424,2069
16276203,2070
16276014,2072
16276202,2073
16275691,2074
16275744,2075
16275713,2082
16275421,2083
16275353,2076
16275220,2073
16274952,2070
16275149,2070
16274896,2061
16274472,2058
16274787,2061
16274289,2063
16274204,2065
16274458,2065
16273900,2059
16273886,2047
16274013,2046
16273514,2050
16273589,2051
16273676,2049
16273085,2049
16273136,2051
16272982,2059
16272713,2058
16272769,2062
16272577,2065
16272177,2061
16272301,2067
16271967,2068
16271653,2067
16271794,2059
16271633,2055
16271428,2051
16271461,2050
16271021,2042
16270960,2048
16270944,2050
16270556,2041
16270514,2042
16270501,2039
16269996,2041
16270071,2055
16269856,2077
16269521,2080
16269565,2089
16269319,2086
16269051,2091
16269205,2079
16268724,2068
16268515,2059
16268625,2060
16268118,2062
16268093,2056
16268177,2055
16267574,2046
16267607,2044
16267513,2054
16267079,2060
16267123,2066
16266893,2073
16266632,2074
16266698,2077
16266378,2081
16266040,2081
16266174,2077
16265755,2062
16265470,2045
16265613,2033
16265187,2034
16264984,2044
16265036,2058
16264535,2059
16264561,2057
16264529,2053
16263914,2043
16263974,2041
16263870,2037
16263502,2029
16263478,2029
16263179,2033
16262852,2041
16262981,2053
16262591,2063
16262150,2076
16262469,2082
16261948,2078
16261764,2068
16261947,2062
16261304,2051
16261217,2037
16261204,2036
16260751,2036
16260750,2039
16260632,2041
16260137,2044
16260242,2051
16260001,2055
16259653,2062
16259760,2071
16259374,2076
16258926,2073
16259112,2071
16258661,2062
16258537,2056
16258541,2047
16258078,2039
16258032,2034
16257916,2036
16257533,2035
16257502,2039
16257323,2047
16256847,2053
16256973,2050
16256696,2045
16256162,2036
16256220,2023
16256049,2028
16255694,2032
16255863,2046
16255367,2057
16255110,2060
16255172,2061
16254752,2054
16254531,2042
16254568,2043
16254129,2045
16254074,2038
16253888,2042
16253446,2047
16253419,2054
16253333,2067
16252803,2073
16252888,2076
16252601,2071
16252184,2054
16252409,2055
16251908,2039
16251595,2022
16251758,2022
16251218,2032
16251034,2039
16251146,2042
16250765,2036
16250583,2035
16250520,2044
16249981,2040
16250016,2061
16249907,2070
16249403,2077
16249413,2075
16249104,2063
16248773,2050
16248807,2038
16248521,2035
16248046,2036
16248244,2040
16247820,2040
16247619,2037
16247687,2041
16247194,2041
16246981,2034
16247038,2034
16246466,2028
16246444,2027
16246309,2030
16245892,2033
16245863,2043
16245641,2045
16245314,2045
16245331,2039
16244831,2036
16244572,2043
16244747,2050
16244205,2049
16243916,2043
16244042,2044
16243525,2041
16243351,2042
16243290,2046
16242812,2046
16242653,2044
16242642,2041
16242201,2034
16242312,2037
16242067,2043
16241524,2039
16241695,2030
16241380,2024
16240941,2019
16241074,2034
16240574,2042
16240313,2046
16240547,2037
16240059,2028
16239791,2020
16239864,2018
16239321,2024
16239255,2023
16239230,2025
16238706,2026
16238682,2031
16238673,2036
16238052,2031
16238166,2034
16237882,2042
16237517,2042
16237557,2040
16237175,2043
16236836,2039
16236993,2039
16236510,2035
16236293,2031
16236359,2038
16235836,2044
16235576,2048
16235606,2038
16235120,2031
16235159,2026
16234985,2030
16234520,2029
16234655,2037
16234312,2051
16233976,2060
16234076,2057
16233673,2058
16233318,2056
16233508,2045
16233019,2045
16232826,2045
16233052,2049
16232495,2050
16232305,2052
16232465,2058
16231918,2058
16231811,2063
16231680,2075
16231214,2071
16231372,2081
16231139,2068
16230736,2055
16230797,2044
16230564,2043
16230191,2042
16230250,2047
16229927,2041
16229628,2039
16229716,2046
16229266,2042
16229113,2048
16229248,2057
16228675,2071
16228706,2081
16228648,2081
16228080,2069
16228232,2058
16228163,2060
16227681,2060
16227757,2061
16227473,2055
16227225,2059
16227230,2068
16227017,2078
16226752,2079
16226895,2081
16226480,2079
16226252,2065
16226330,2040
16225878,2006
16225866,1961
16225847,1918
16225443,1873
16225391,1829
16225378,1789
16224955,1748
16224971,1718
16224882,1698
16224474,1691
16224671,1687
16224391,1687
16224024,1693
16224187,1711
16223956,1729
16223629,1758
16223802,1802
16223369,1856
16223257,1908
16223347,1965
16222882,2021
16222953,2074
16222890,2116
16222406,2149
16222454,2179
16222516,2198
16222159,2206
16222298,2214
16221961,2225
16221762,2234
16221863,2251
16221536,2271
16221246,2284
16221522,2299
16221149,2317
16220925,2335
16221105,2349
16220591,2357
16220611,2360
16220732,2360
16220291,2354
16220432,2342
16220301,2329
16219939,2321
16219963,2313
16219916,2311
16219595,2314
16219679,2315
16219478,2302
16219206,2282
16219495,2259
16219049,2233
16218810,2202
16219080,2182
16218779,2159
16218647,2143
16218684,2125
16218217,2102
16218395,2078
16218358,2067
16218037,2062
16218154,2050
16217950,2042
16217566,2032
16217778,2018
16217695,2004
16217415,1989
16217561,1984
16217265,1985
16217032,1982
16217341,1973
16216948,1985
16216787,1984
16216951,2003
16216652,2004
16216643,2003
16216511,2016
16216159,2019
16216321,2015
16216320,2000
16215955,1978
16216074,1972
16215946,1989
16215623,1990
16215828,2007
16215596,2010
16215401,2011
16215688,2004
16215291,1997
16215211,1998
16215440,2006
16214965,2009
16214873,2006
16215132,2004
16214639,2000
16214798,2005
16214669,2020
16214394,2029
16214606,2028
16214602,2019
16214265,2005
16214399,2002
16214168,1996
16213881,1985
16214225,1981
16213907,1984
16213743,1993
16213948,1998
16213574,1995
16213559,1991
16213765,1979
16213378,1968
16213475,1965
16213669,1973
16213261,1979
16213406,1984
16213450,1987
16213106,1990
16213352,1989
16213235,1987
16213068,1982
16213379,1988
16213323,1995
16213289,1999
16213571,2001
16213390,1997
16213615,1988
16214021,1985
16213782,1982
16214089,1980
16214591,1978
16214589,1980
16215133,1979
16215525,1979
16215699,1980
16216553,1978
16217015,1975
16217287,1976
16218389,1976
16218980,1976
16219687,1974
16220970,1977
16221682,1977
16222742,1970
16224235,1964
16225075,1959
16226364,1952
16227718,1953
16228740,1948
16230230,1949
16231688,1944
16232600,1935
16234011,1922
16235405,1922
16236274,1922
16237752,1928
16238903,1939
16239857,1949
16241414,1958
16242377,1952
16243429,1944
16244832,1934
16245701,1925
16246901,1923
16248295,1932
16249083,1932
16250293,1932
16251445,1925
16252205,1932
16253392,1934
16254429,1927
16254990,1927
16256152,1928
16256901,1927
16257595,1924
16258776,1925
16259465,1924
16260063,1931
16261254,1927
16261835,1945
16262413,1944
16263492,1946
16263782,1948
16264483,1949
16265489,1953
16265851,1951
16266584,1950
16267292,1960
16267549,1963
16268481,1967
16269125,1972
16269315,1977
16270100,1975
16270406,1974
16270913,1976
16271689,1984
16271938,1991
16272262,1993
16273054,1993
16273212,1989
16273725,1990
16274363,1998
16274424,2002
16275050,2009
16275548,2014
16275621,2013
16276251,2010
16276557,2016
16276710,2025
16277373,2037
16277561,2045
16277788,2047
16278316,2053
16278368,2061
16278732,2072
16279352,2084
16279363,2089
16279546,2086
16279865,2077
16279983,2063
16280375,2059
16280788,2064
16280677,2065
16281066,2066
16281383,2072
16281319,2081
16281761,2088
16281743,2093
16281677,2099
16282179,2099
16282173,2093
16282082,2087
16282478,2085
16282328,2087
16282430,2088
16282670,2087
16282451,2083
16282501,2088
16282737,2090
16282449,2085
16282628,2079
16282805,2081
16282412,2079
16282516,2085
16282660,2090
16282291,2094
16282466,2091
16282332,2082
16282084,2074
16282342,2075
16282102,2079
16281925,2087
16282041,2090
16281793,2087
16281696,2086
16281786,2087
16281428,2084
16281442,2093
16281432,2098
16281131,2093
16281261,2090
16281217,2086
16280814,2090
16280968,2094
16280756,2101
16280512,2098
16280836,2091
16280456,2072
16280229,2074
16280584,2068
16280137,2047
16280068,2039
16280220,2040
16279795,2044
16279757,2047
16279934,2053
16279467,2062
16279563,2085
16279597,2087
16279262,2095
16279417,2089
16279351,2071
16279024,2059
16279192,2065
16279042,2083
16278868,2091
16279045,2093
16278813,2086
16278666,2084
16278953,2079
16278539,2075
16278547,2077
16278634,2079
16278230,2079
16278371,2073
16278466,2069
16278037,2063
16278187,2061
16278178,2065
16277803,2066
16278058,2070
16277963,2076
16277600,2079
16277855,2077
16277505,2076
16277365,2064
16277608,2059
16277330,2049
16277098,2048
16277389,2053
16276952,2052
16276992,2053
16277141,2057
16276612,2061
16276716,2067
16276704,2066
16276350,2061
16276483,2061
16276407,2062
16276108,2065
16276384,2074
16276023,2082
16275720,2098
16276046,2101
16275706,2094
16275543,2085
16275776,2081
16275287,2082
16275265,2080
16275361,2069
16274979,2060
16274957,2057
16274896,2063
16274596,2062
16274632,2067
16274571,2078
16274239,2081
16274412,2078
16274183,2069
16273932,2059
16274155,2055
16273798,2055
16273551,2060
16273631,2067
16273368,2074
16273217,2077
16273362,2077
16272906,2071
16272813,2059
16272841,2053
16272483,2051
16272564,2049
16272482,2045
16272027,2050
16272238,2058
16271944,2064
16271635,2063
16271763,2072
16271462,2073
16271153,2066
16271394,2067
16270962,2067
16270878,2073
16270954,2081
16270436,2079
16270371,2069
16270536,2066
16269974,2054
16269973,2065
16269927,2063
16269492,2055
16269490,2051
16269508,2051
16268982,2050
16269272,2053
16268918,2049
16268516,2047
16268607,2055
16268318,2047
16267981,2059
16268182,2055
16267709,2048
16267554,2040
16267605,2046
16267140,2051
16267158,2047
16267017,2042
16266614,2037
16266682,2042
16266476,2055
16266028,2065
16266238,2069
16265999,2063
16265525,2054
16265726,2049
16265392,2045
16265069,2043
16265262,2045
16264856,2047
16264689,2052
16264713,2053
16264211,2046
16264072,2039
16264116,2037
16263678,2034
16263677,2035
16263626,2043
16263235,2048
16263213,2057
16262974,2065
16262560,2068
16262747,2067
16262374,2069
16262009,2068
16262017,2068
16261729,2072
16261542,2072
16261714,2076
16261202,2076
16261020,2079
16261017,2079
16260638,2073
16260525,2066
16260353,2058
16259971,2055
16259945,2059
16259842,2069
16259291,2071
16259369,2076
16259187,2070
16258878,2058
16258993,2053
16258561,2053
16258250,2054
16258274,2056
16257927,2055
16257629,2053
16257696,2047
16257290,2053
16257129,2060
16257225,2075
16256742,2081
16256560,2077
16256546,2072
16256079,2073
16256169,2072
16255926,2066
16255582,2057
16255510,2043
16255303,2042
16254882,2039
16255014,2049
16254526,2055
16254325,2061
16254400,2060
16253867,2047
16253653,2028
16253797,2022
16253314,2011
16253211,1987
16253100,1959
16252685,1927
16252714,1894
16252544,1863
16252050,1829
16252253,1788
16251886,1759
16251506,1729
16251581,1734
16251210,1733
16250870,1732
16250971,1746
16250599,1763
16250312,1783
16250365,1816
16249899,1855
16249791,1892
16249895,1941
16249247,1977
16249179,2029
16249048,2068
16248540,2107
16248581,2146
16248254,2178
16247950,2203
16248010,2225
16247654,2233
16247382,2230
16247462,2226
16246992,2224
16246834,2231
16246932,2245
16246379,2266
16246175,2281
16246210,2297
16245629,2303
16245546,2309
16245542,2324
16245010,2329
16244986,2331
16244927,2329
16244402,2330
16244498,2339
16244146,2344
16243686,2332
16243874,2317
16243334,2296
16242980,2277
16243077,2256
16242668,2243
16242530,2234
16242544,2225
16242013,2205
16241819,2177
16241907,2151
16241215,2129
16241238,2100
16241119,2077
16240699,2059
16240723,2044
16240494,2037
16239973,2028
16240011,2026
16239601,2025
16239260,2021
16239444,2020
16238916,2019
16238692,2016
16238682,2007
16238229,1999
16238072,1999
16238183,2010
16237606,2017
16237426,2014
16237449,2011
16236926,2011
16236878,2011
16236666,2006
16236123,1999
16236216,1995
16235942,1993
16235514,1995
16235634,1996
16235221,1994
16234804,1986
16234949,1983
16234564,1984
16234362,1986
16234229,1990
16233876,1997
16233635,1998
16233608,2004
16233078,2011
16233157,2019
16232936,2024
16232514,2018
16232534,2004
16232257,2005
16231818,2003
16232071,2002
16231713,2011
16231303,2016
16231405,2011
16230996,2004
16230645,1997
16230761,1987
16230357,1988
16230245,1984
16230213,2006
16229819,2010
16229755,2003
16229702,2007
16229310,2002
16229314,1994
16229263,1985
16228861,1988
16229039,1986
16228856,1982
16228493,1990
16228805,1992
16228609,1999
16228314,2002
16228612,2004
16228250,2002
16228252,1995
16228724,1989
16228351,1982
16228525,1977
16228890,1972
16228783,1971
16229072,1981
16229548,1996
16229439,1997
16230027,1991
16230443,1979
16230593,1965
16231345,1964
16231885,1960
16232333,1958
16233374,1966
16233832,1970
16234540,1968
16235699,1971
16236158,1974
16237117,1968
16238362,1965
16239133,1962
16240083,1954
16241296,1949
16242151,1945
16243278,1945
16244556,1946
16245244,1944
16246639,1943
16247614,1943
16248496,1933
16249962,1935
16250948,1935
16251839,1937
16253210,1944
16254009,1957
16255018,1955
16256197,1948
16256849,1939
16257924,1934
16259040,1936
16259664,1939
16260684,1943
16261651,1946
16262255,1950
16263359,1950
16264061,1949
16264645,1949
16265637,1947
16266245,1942
16266683,1939
16267663,1943
16268185,1949
16268709,1952
16269661,1955
16269939,1958
16270556,1960
16271349,1959
16271513,1954
16272289,1953
16272946,1963
16273188,1971
16273712,1976
16274364,1971
16274566,1971
16275321,1978
16275738,1988
16275893,1991
16276605,1996
16276846,1993
16277078,1992
16277892,1991
16277959,2001
16278202,1999
16278856,2000
16279009,2008
16279348,2019
16279845,2033
16279832,2042
16280232,2050
16280690,2044
16280743,2046
16281223,2041
16281454,2060
16281438,2067
16282051,2066
16282260,2070
16282258,2074
16282841,2073
16282875,2078
16283003,2074
16283379,2081
16283422,2086
16283588,2075
16284035,2081
16283949,2080
16284158,2081
16284521,2085
16284292,2084
16284637,2091
16284918,2107
16284781,2106
16285008,2106
16285129,2108
16284895,2107
16285280,2107
16285133,2100
16284956,2092
16285397,2090
16285130,2089
16285173,2088
16285337,2092
16285097,2092
16284969,2089
16285165,2089
16284938,2090
16284912,2091
16285111,2089
16284665,2081
16284768,2079
16284808,2078
16284340,2082
16284514,2086
16284428,2096
16284082,2097
16284296,2094
16284048,2087
16283828,2080
16284051,2076
16283643,2075
16283466,2076
16283608,2081
16283206,2084
16283182,2087
16283282,2093
16282825,2108
16282838,2117
16282930,2115
16282476,2098
16282568,2081
16282463,2068
16282127,2062
16282375,2060
16282074,2059
16281803,2062
16282112,2065
16281765,2065
16281660,2065
16281832,2063
16281304,2059
16281221,2055
16281502,2052
16281146,2047
16281032,2053
16281209,2060
16280809,2064
16281014,2070
16280983,2078
16280588,2078
16280742,2080
16280729,2081
16280272,2075
16280542,2069
16280341,2059
16280118,2061
16280336,2065
16280145,2067
16279971,2060
16280221,2057
16279782,2061
16279760,2061
16279967,2060
16279567,2061
16279515,2057
16279624,2050
16279207,2051
16279362,2059
16279432,2064
16278945,2059
16279256,2059
16279028,2062
16278699,2058
16279065,2053
16278695,2065
16278540,2065
16278593,2062
16278296,2066
16278192,2067
16278436,2063
16278084,2061
16277946,2057
16278102,2058
16277676,2063
16277697,2061
16277771,2071
16277246,2061
16277414,2055
16277315,2055
16276923,2057
16277069,2059
16276877,2060
16276709,2060
16276841,2060
16276515,2059
16276235,2062
16276415,2064
16276004,2066
16275896,2067
16276054,2069
16275575,2066
16275505,2063
16275643,2066
16275203,2066
16275195,2065
16275132,2065
16274809,2070
16274938,2081
16274727,2089
16274261,2089
16274497,2084
16274188,2081
16273972,2070
16274148,2073
16273763,2065
16273515,2053
16273671,2047
16273234,2053
16273089,2057
16273126,2061
16272791,2061
16272725,2070
16272776,2073
16272297,2062
16272303,2057
16272168,2055
16271793,2049
16271892,2054
16271731,2062
16271324,2063
16271412,2060
16271070,2059
16270724,2052
16270946,2050
16270539,2053
16270375,2055
16270433,2057
16270015,2057
16269821,2060
16269896,2070
16269388,2066
16269418,2057
16269331,2048
16268761,2041
16268855,2047
16268591,2058
16268221,2060
16268386,2061
16268143,2063
16267632,2060
16267802,2060
16267460,2062
16267169,2063
16267336,2067
16266843,2057
16266694,2053
16266654,2045
16266146,2047
16266110,2051
16266024,2053
16265607,2047
16265581,2044
16265491,2055
16264994,2067
16265032,2072
16264806,2071
16264295,2073
16264524,2073
16264265,2071
16263885,2067
16263946,2069
16263535,2079
16263205,2073
16263339,2061
16263004,2066
16262740,2057
16262764,2044
16262287,2039
16262191,2040
16262181,2043
16261610,2055
16261678,2047
16261536,2035
16261158,2037
16260984,2034
16260787,2060
16260334,2069
16260455,2073
16260160,2072
16259738,2062
16259883,2057
16259416,2053
16259259,2055
16259210,2056
16258731,2057
16258619,2054
16258673,2054
16258062,2054
16258106,2053
16258021,2056
16257560,2060
16257533,2057
16257382,2052
16256833,2043
16256852,2037
16256636,2044
16256222,2048
16256368,2055
16255873,2058
16255523,2054
16255737,2057
16255278,2055
16255013,2057
16255078,2070
16254538,2078
16254331,2078
16254413,2071
16253850,2047
16253830,2028
16253630,2022
16253059,2018
16253238,2029
16252922,2048
16252472,2057
16252540,2059
16252236,2062
16251737,2066
16251882,2066
16251409,2069
16251196,2071
16251208,2066
16250692,2067
16250508,2068
16250544,2066
16250029,2057
16249881,2043
16249903,2035
16249253,2030
16249190,2027
16249019,2027
16248582,2026
16248572,2033
16248487,2045
16248102,2055
16247966,2061
16247546,2059
16247240,2053
16247305,2050
16246921,2049
16246518,2052
16246714,2055
16246152,2053
16245974,2046
16245992,2045
16245386,2037
16245363,2036
16245292,2041
16244687,2042
16244766,2036
16244493,2032
16243962,2027
16244075,2030
16243754,2029
16243335,2038
16243400,2051
16242872,2058
16242601,2067
16242774,2068
16242259,2067
16241936,2060
16241982,2057
16241468,2042
16241265,2035
16241353,2025
16240826,2040
16240762,2040
16240597,2037
16240078,2041
16240110,2043
16239769,2048
16239353,2047
16239533,2043
16239164,2053
16238681,2050
16238787,2048
16238259,2047
16238196,2047
16238149,2042
16237580,2037
16237381,2036
16237458,2046
16237002,2047
16236912,2051
16236766,2045
16236179,2042
16236238,2034
16236095,2029
16235493,2022
16235649,2021
16235330,2026
16234886,2029
16234922,2032
16234574,2046
16234230,2050
16234450,2047
16233936,2041
16233622,2037
16233696,2035
16233276,2031
16233118,2029
16233050,2025
16232522,2025
16232660,2035
16232514,2046
16231879,2054
16231953,2061
16231735,2072
16231383,2081
16231453,2085
16231085,2085
16230706,2082
16230874,2077
16230445,2071
16230224,2058
16230303,2055
16229814,2053
16229683,2052
16229810,2054
16229156,2057
16229200,2054
16229089,2049
16228707,2043
16228695,2037
16228555,2038
16228008,2036
16228193,2040
16228017,2043
16227495,2049
16227737,2054
16227358,2058
16227060,2059
16227183,2062
16226795,2061
16226601,2059
16226715,2063
16226236,2065
16226146,2063
16226290,2062
16225725,2062
16225756,2062
16225671,2063
16225312,2064
16225352,2062
16225118,2054
16224753,2044
16224916,2052
16224674,2061
16224458,2072
16224574,2077
16224141,2077
16223967,2075
16224051,2070
16223647,2047
16223551,2012
16223704,1959
16223154,1897
16223180,1846
16223283,1804
16222719,1766
16222902,1738
16222803,1713
16222477,1691
16222591,1686
16222365,1685
16221984,1706
16222126,1713
16221899,1729
16221699,1762
16221852,1797
16221466,1835
16221259,1877
16221430,1929
16221059,1985
16221026,2047
16221149,2091
16220720,2137
16220781,2167
16220826,2196
16220429,2221
16220563,2241
16220252,2254
16220020,2259
16220138,2265
16219834,2272
16219712,2279
16219890,2292
16219517,2305
16219445,2319
16219514,2328
16219180,2328
16219080,2323
16219337,2326
16218835,2334
16218926,2345
16218864,2358
16218526,2369
16218566,2373
16218494,2367
16218158,2352
16218379,2333
16218150,2315
16218038,2290
16218224,2272
16217804,2255
16217666,2238
16217829,2212
16217490,2181
16217507,2146
16217654,2118
16217133,2094
16217246,2075
16217317,2062
16216952,2051
16217072,2038
16216886,2029
16216504,2019
16216844,2016
16216638,2016
16216395,2017
16216621,2021
16216259,2027
16216171,2032
16216357,2040
16216096,2035
16215892,2029
16216002,2027
16215813,2025
16215598,2019
16215955,2017
16215374,2006
16215406,1999
16215531,2001
16215154,2001
16215316,2000
16215178,2004
16214835,2003
16215072,2004
16214874,2007
16214593,2009
16214770,2012
16214553,2015
16214540,2015
16214627,2021
16214343,2021
16214224,2013
16214279,2009
16213936,2001
16214048,2003
16214153,1999
16213692,1991
16213924,1988
16213815,1991
16213455,1993
16213743,2003
16213410,2006
16213309,1997
16213452,1994
16213250,1999
16213135,2004
16213240,2006
16212967,2009
16213028,2014
16213199,2011
16212869,1998
16212819,2005
16212998,2002
16212730,1994
16212827,1986
16213010,1981
16212510,1982
16212770,1985
16212852,1990
16212567,1991
16212902,1994
16212859,1986
16212646,1998
16213080,1996
16213042,1993
16213041,1988
16213458,1984
16213347,1980
16213697,1978
16214192,1980
16214152,1983
16214772,1988
16215158,1995
16215457,1990
16216219,1986
16216869,1987
16217206,1993
16218131,2001
16218966,2001
16219579,1990
16220920,1975
16221790,1964
16222846,1954
16224475,1955
16225443,1954
16226727,1951
16228382,1951
16229469,1951
16230877,1953
16232389,1955
16233449,1950
16235032,1948
16236279,1944
16237285,1939
16238887,1939
16240045,1946
16241012,1951
16242683,1953
16243794,1951
16244852,1937
16246391,1927
16247352,1919
16248427,1918
16249855,1928
16250796,1942
16252064,1950
16253112,1955
16253863,1953
16255044,1947
16256158,1947
16256779,1941
16257953,1942
16258775,1943
16259479,1937
16260663,1932
16261451,1935
16261997,1936
16263090,1936
16263735,1934
16264405,1928
16265419,1932
16265758,1937
16266500,1942
16267501,1947
16267717,1950
16268495,1954
16269247,1960
16269540,1963
16270357,1962
16271005,1962
16271261,1963
16272031,1954
16272441,1960
16272850,1966
16273664,1972
16273918,1974
16274169,1977
16275081,1986
16275314,2001
16275687,2005
16276380,2021
16276539,2027
16276993,2026
16277540,2031
16277667,2030
16278159,2026
16278557,2019
16278740,2014
16279272,2014
16279756,2026
16279656,2035
16280306,2059
16280451,2063
16280610,2053
16281160,2047
16281249,2045
16281438,2050
16282045,2055
16282015,2060
16282286,2069
16282721,2085
16282582,2083
16282913,2093
16283374,2090
16283131,2089
16283672,2084
16283818,2089
16283595,2095
16284073,2097
16284083,2101
16284048,2098
16284483,2100
16284338,2104
16284362,2111
16284693,2113
16284535,2116
16284399,2111
16284784,2103
16284510,2094
16284672,2093
16284767,2095
16284450,2093
16284581,2088
16284688,2086
16284285,2088
16284479,2100
16284462,2109
16284067,2102
16284387,2091
16284140,2084
16283977,2086
16284165,2091
16283881,2096
16283718,2100
16283880,2101
16283444,2096
16283446,2091
16283623,2089
16283203,2092
16283284,2091
16283303,2091
16282890,2085
16282935,2079
16282968,2075
16282554,2083
16282830,2091
16282666,2097
16282288,2099
16282587,2097
16282208,2094
16282117,2091
16282260,2089
16282056,2087
16281842,2094
16282111,2105
16281705,2101
16281692,2092
16281749,2080
16281476,2083
16281577,2089
16281544,2090
16281127,2082
16281280,2071
16281378,2057
16280979,2045
16281139,2055
16280993,2066
16280792,2074
16281004,2082
16280699,2085
16280673,2085
16280833,2071
16280456,2074
16280653,2073
16280747,2077
16280286,2072
16280397,2069
16280423,2068
16280053,2070
16280289,2072
16280153,2087
16279951,2095
16280098,2090
16279948,2088
16279685,2083
16279945,2081
16279586,2077
16279390,2073
16279689,2075
16279346,2073
16279267,2069
16279325,2084
16278988,2083
16279078,2078
16279166,2079
16278748,2085
16278837,2077
16278838,2082
16278488,2081
16278675,2082
16278556,2079
16278122,2057
16278337,2061
16278126,2061
16277819,2065
16278162,2072
16277712,2074
16277589,2077
16277683,2077
16277433,2069
16277354,2060
16277396,2065
16277057,2068
16277130,2073
16277099,2085
16276575,2085
16276781,2087
16276713,2089
16276225,2089
16276545,2090
16276306,2087
16276060,2078
16276202,2076
16275908,2081
16275703,2074
16275860,2072
16275381,2070
16275183,2062
16275446,2055
16275025,2051
16275005,2049
16275104,2050
16274530,2055
16274775,2059
16274635,2065
16274214,2069
16274371,2068
16274111,2066
16273838,2057
16273955,2055
16273624,2059
16273410,2061
16273570,2065
16273108,2067
16272956,2064
16273130,2063
16272550,2061
16272572,2060
16272585,2058
16272208,2051
16272212,2038
16272156,2034
16271601,2037
16271706,2039
16271554,2042
16271093,2045
16271122,2051
16270937,2057
16270566,2062
16270785,2057
16270444,2053
16270154,2056
16270287,2065
16269900,2071
16269623,2077
16269770,2088
16269236,2098
16269247,2100
16269241,2098
16268687,2090
16268771,2085
16268596,2073
16268144,2066
16268324,2065
16268077,2072
16267762,2071
16267721,2071
16267373,2058
16267132,2052
16267394,2052
16266794,2065
16266592,2070
16266640,2070
16266231,2073
16266055,2066
16266144,2062
16265668,2060
16265682,2070
16265498,2076
16265154,2083
16265185,2079
16264845,2093
16264481,2093
16264624,2076
16264377,2067
16264048,2063
16264088,2057
16263640,2054
16263377,2059
16263460,2069
16263072,2079
16262918,2072
16262966,2083
16262443,2074
16262380,2066
16262457,2065
16261948,2068
16261879,2071
16261780,2081
16261263,2088
16261401,2091
16261116,2090
16260654,2082
16260763,2074
16260416,2067
16260246,2056
16260228,2044
16259879,2027
16259605,2002
16259701,1972
16259133,1935
16259052,1891
16259015,1847
16258583,1807
16258542,1769
16258558,1738
16257867,1707
16257947,1696
16257763,1697
16257400,1702
16257583,1717
16257216,1729
16256685,1753
16256724,1788
16256468,1830
16256305,1877
16256252,1938
16255731,2001
16255585,2058
16255663,2107
16255134,2140
16254998,2171
16254952,2193
16254458,2203
16254468,2211
16254300,2225
16253877,2238
16253857,2254
16253744,2266
16253144,2280
16253279,2300
16252892,2320
16252528,2332
16252775,2340
16252218,2344
16252038,2345
16252008,2347
16251529,2351
16251411,2349
16251431,2341
16250807,2335
16250740,2331
16250761,2331
16250093,2329
16250233,2325
16249869,2319
16249436,2307
16249491,2288
16249212,2268
16248862,2243
16248928,2222
16248444,2195
16248162,2167
16248254,2135
16247786,2107
16247470,2081
16247563,2065
16246980,2052
16246912,2038
16246821,2031
16246355,2024
16246348,2013
16246162,2008
16245501,2011
16245627,2016
16245322,2023
16244949,2022
16245028,2025
16244635,2022
16244193,2018
16244257,2009
16243879,2018
16243611,2022
16243620,2020
16243062,2028
16242938,2029
16242897,2027
16242186,2019
16242133,2005
16242121,1995
16241624,1994
16241582,1986
16241359,1999
16240877,1995
16240939,2002
16240703,2013
16240131,2016
16240205,2016
16239879,2018
16239602,2015
16239689,2013
16239102,2003
16238941,1993
16239034,1991
16238348,1991
16238396,1991
16238310,1999
16237569,2002
16237713,1996
16237542,1998
16237088,1994
16237086,1994
16236850,1996
16236392,1996
16236534,2002
16236136,2008
16235745,2012
16235966,2010
16235503,2006
16235218,1999
16235332,1997
16234769,1993
16234715,1992
16234807,2001
16234284,2001
16234458,1997
16234292,1995
16233742,1991
16234146,1995
16233896,1998
16233594,1997
16233877,1991
16233696,1984
16233598,1978
16233923,1983
16233695,1985
16233741,1985
16234149,1991
16234075,1993
16234341,1992
16234733,1991
16234605,1988
16235207,1988
16235784,1989
16235868,1980
16236659,1974
16237299,1969
16237596,1962
16238569,1963
16239094,1968
16239668,1972
16240841,1972
16241356,1971
16242193,1965
16243389,1958
16244108,1948
16245070,1941
16246203,1942
16246913,1942
16247958,1945
16249341,1949
16250046,1946
16251228,1949
16252453,1950
16253237,1952
16254481,1943
16255535,1941
16256277,1933
16257532,1932
16258329,1935
16259147,1942
16260386,1940
16261049,1933
16261909,1934
16263068,1943
16263627,1944
16264500,1948
16265533,1951
16265949,1946
16266825,1950
16267700,1944
16268116,1953
16268969,1950
16269751,1948
16270143,1947
16271056,1953
16271483,1956
16271934,1951
16272881,1942
16273145,1939
16273636,1952
16274451,1957
16274701,1973
16275288,1972
16275978,1977
16276090,1979
16276559,1980
16277260,1980
16277324,1984
16278054,1991
16278521,1995
16278589,1991
16279189,1991
16279583,1998
16279636,2006
16280389,2020
16280505,2028
16280744,2029
16281341,2034
16281506,2038
16281690,2039
16282306,2043
16282186,2043
16282663,2043
16283127,2054
16283082,2053
16283474,2053
16283907,2070
16283853,2079
16284369,2087
16284494,2086
16284436,2080
16284931,2078
16285035,2076
16285026,2075
16285499,2077
16285563,2079
16285534,2076
16286011,2075
16285913,2076
16286011,2075
16286471,2073
16286184,2070
16286358,2078
16286711,2095
16286410,2113
16286763,2117
16286848,2115
16286604,2105
16286855,2097
16286907,2094
16286523,2091
16286896,2096
16286701,2098
16286636,2092
16286844,2092
16286561,2091
16286344,2091
16286593,2100
16286170,2099
16286177,2089
16286395,2085
16285966,2081
16285922,2081
16285981,2092
16285570,2101
16285689,2103
16285523,2102
16285102,2092
16285397,2087
16285125,2081
16284816,2064
16285002,2064
16284614,2068
16284481,2074
16284655,2081
16284232,2085
16284000,2080
16284196,2076
16283668,2067
16283678,2073
16283743,2072
16283280,2064
16283423,2064
16283396,2069
16282941,2071
16283069,2073
16282886,2070
16282536,2066
16282787,2074
16282558,2072
16282194,2082
16282505,2083
16282110,2074
16281897,2071
16282219,2070
16281685,2071
16281755,2072
16281944,2073
16281440,2076
16281610,2071
16281586,2061
16281112,2055
16281440,2061
16281352,2071
16280893,2068
16281172,2071
16280970,2068
16280820,2082
16281024,2086
16280761,2087
16280500,2083
16280676,2074
16280312,2063
16280252,2056
16280451,2055
16280022,2054
16280137,2054
16280274,2058
16279851,2064
16279884,2070
16279827,2074
16279453,2072
16279654,2070
16279518,2065
16279283,2061
16279486,2060
16279135,2062
16278870,2061
16279066,2060
16278809,2063
16278628,2066
16278759,2070
16278338,2068
16278448,2065
16278640,2066
16277980,2075
16278063,2084
16278102,2090
16277751,2085
16277696,2075
16277644,2069
16277350,2062
16277653,2059
16277293,2058
16277038,2057
16277203,2058
16276788,2058
16276652,2054
16276803,2062
16276441,2068
16276203,2066
16276351,2075
16275914,2084
16275996,2091
16276001,2087
16275409,2063
16275520,2038
16275441,2028
16274998,2033
16275120,2045
16274986,2063
16274513,2075
16274776,2078
16274490,2075
16274073,2067
16274332,2068
16273983,2067
16273787,2063
16273937,2067
16273319,2072
16273296,2065
16273371,2063
16272867,2047
16272886,2042
16272981,2036
16272396,2044
16272393,2052
16272264,2055
16271952,2051
16272078,2056
16271813,2049
16271434,2037
16271454,2045
16271135,2055
16270926,2059
16271101,2060
16270586,2063
16270419,2064
16270500,2068
16269948,2065
16269863,2078
16269934,2075
16269414,2059
16269467,2066
16269348,2064
16268840,2057
16268925,2051
16268772,2041
16268325,2041
16268458,2058
16268104,2059
16267686,2075
16267892,2076
16267494,2077
16267331,2075
16267434,2071
16266833,2064
16266766,2057
16266859,2056
16266218,2053
16266173,2045
16266098,2046
16265675,2048
16265840,2051
16265560,2048
16265023,2052
16265181,2060
16264976,2066
16264508,2062
16264647,2056
16264266,2054
16263975,2054
16264056,2053
16263638,2055
16263476,2053
16263446,2051
16263011,2047
16262828,2054
16262930,2064
16262337,2065
16262384,2063
16262184,2062
16261792,2059
16261811,2059
16261498,2060
16261145,2056
16261223,2055
16260981,2054
16260634,2053
16260685,2053
16260257,2055
16259917,2055
16259999,2055
16259521,2051
16259376,2050
16259337,2049
16258892,2045
16258778,2039
16258822,2035
16258214,2037
16258242,2044
16258166,2054
16257612,2059
16257593,2055
16257381,2047
16256973,2043
16257048,2053
16256693,2055
16256270,2055
16256553,2051
16255915,2051
16255833,2050
16255823,2057
16255161,2065
16255088,2069
16255096,2070
16254511,2067
16254548,2065
16254452,2066
16253901,2059
16254018,2047
16253660,2041
16253326,2041
16253332,2043
16252928,2036
16252514,2036
16252583,2040
16252150,2041
16251832,2039
16251996,2044
16251506,2051
16251322,2045
16251398,2052
16250755,2046
16250781,2043
16250599,2041
16249970,2046
16250107,2046
16249841,2054
16249393,2045
16249535,2059
16249123,2055
16248725,2046
16248917,2045
16248413,2044
16248118,2043
16248130,2043
16247716,2046
16247468,2051
16247471,2044
16246948,2047
16246867,2044
16246631,2052
16246172,2051
16246306,2051
16245992,2063
16245418,2073
16245647,2067
16245218,2062
16244830,2052
16244872,2045
16244595,2042
16244129,2044
16244233,2046
16243812,2043
16243466,2042
16243546,2051
16242960,2056
16242775,2056
16242875,2053
16242288,2046
16242131,2042
16242086,2039
16241538,2042
16241601,2042
16241350,2043
16240813,2042
16241033,2043
16240664,2045
16240196,2045
16240298,2050
16239844,2053
16239586,2053
16239673,2052
16239126,2044
16238931,2032
16238914,2027
16238477,2025
16238382,2029
16238309,2039
16237773,2044
16237610,2039
16237574,2037
16237010,2036
16237124,2037
16236901,2033
16236442,2019
16236454,2015
16236089,2019
16235824,2021
16235892,2023
16235362,2023
16235105,2019
16235138,2020
16234763,2017
16234493,2018
16234494,2018
16234061,2014
16234055,2016
16233879,2028
16233404,2043
16233320,2056
16233215,2056
16232900,2043
16232874,2035
16232588,2032
16232185,2033
16232373,2036
16231951,2041
16231679,2046
16231749,2053
16231215,2059
16231108,2054
16231190,2055
16230738,2062
16230652,2070
16230559,2068
16230051,2057
16230063,2043
16230028,2049
16229624,2046
16229531,2037
16229449,2037
16229041,2034
16229173,2030
16228849,2027
16228435,2025
16228682,2039
16228319,2041
16228113,2022
16228219,2026
16227735,2029
16227621,2029
16227697,2038
16227269,2051
16227157,2057
16227102,2054
16226624,2041
16226783,2032
16226610,2037
16226191,2028
16226279,2050
16226054,2057
16225786,2063
16225889,2065
16225557,2066
16225220,2069
16225453,2068
16224996,2063
16224840,2051
16224956,2039
16224534,2023
16224484,1998
16224491,1964
16224151,1916
16224089,1867
16224112,1823
16223680,1777
16223836,1737
16223672,1710
16223189,1691
16223420,1681
16223176,1680
16222948,1679
16223059,1687
16222724,1707
16222508,1737
16222718,1778
16222277,1819
16222196,1864
16222446,1910
16221776,1968
16221914,2022
16221922,2074
16221426,2113
16221534,2146
16221485,2178
16221165,2205
16221306,2229
16221161,2241
16220867,2245
16220997,2250
16220701,2260
16220474,2273
16220698,2290
16220327,2305
16220148,2312
16220277,2311
16219974,2318
16219867,2323
16220012,2332
16219615,2340
16219694,2345
16219655,2346
16219177,2340
16219443,2325
16219346,2307
16219013,2297
16219117,2290
16218985,2284
16218651,2273
16218902,2265
16218525,2247
16218363,2225
16218649,2190
16218207,2159
16218138,2135
16218247,2113
16217919,2093
16217933,2076
16218063,2061
16217554,2044
16217725,2034
16217674,2027
16217376,2021
16217523,2016
16217380,2019
16217035,2025
16217229,2030
16217010,2028
16216851,2019
16217023,2015
16216606,2021
16216466,2017
16216704,2008
16216325,2001
16216327,2003
16216535,2014
16216092,2002
16216213,1996
16216199,1999
16215713,1988
16215980,2006
16215902,2010
16215573,2019
16215858,2016
16215547,2009
16215273,1996
16215525,1985
16215220,1972
16215144,1975
16215219,1985
16214945,1986
16214977,1999
16215084,2005
16214743,2005
16214618,2003
16214842,2001
16214343,2001
16214554,2006
16214563,2008
16214177,2013
16214383,2017
16214228,2020
16214070,2012
16214276,2002
16213936,1997
16213789,1991
16213944,1993
16213675,1996
16213631,2000
16213842,2003
16213542,1997
16213484,1988
16213704,1979
16213200,1979
16213494,1988
16213639,1996
16213245,2004
16213453,2007
16213414,2004
16213267,1993
16213676,1995
16213476,1997
16213444,1998
16213790,1998
16213698,1996
16213904,1989
16214195,1983
16214133,1977
16214553,1976
16214928,1978
16214984,1971
16215550,1971
16216198,1973
16216357,1974
16217179,1976
16217738,1974
16218177,1964
16219195,1956
16219951,1957
16220693,1957
16222130,1961
16223097,1963
16224148,1964
16225826,1967
16226722,1983
16228056,1990
16229513,1987
16230789,1971
16232176,1949
16233701,1935
16234734,1933
16236230,1940
16237766,1953
16238643,1963
16240197,1966
16241445,1960
16242460,1944
16244084,1931
16245357,1912
16246211,1905
16247702,1911
16248832,1921
16249933,1928
16251233,1935
16252158,1936
16253363,1937
16254549,1937
16255327,1941
16256341,1937
16257491,1931
16258124,1930
16259354,1927
16260350,1928
16260919,1924
16262023,1925
16262724,1930
16263444,1927
16264508,1919
16265089,1932
16265758,1935
16266735,1932
16267229,1937
16267824,1945
16268667,1944
16269075,1940
16269773,1936
16270599,1933
16270877,1940
16271567,1942
16272328,1969
16272480,1975
16273252,1979
16273728,1984
16274074,1984
16274819,1984
16275243,1980
16275496,1980
16276292,1989
16276514,1993
16276836,1997
16277689,2007
16277768,2007
16278104,2006
16278935,2006
16278792,2011
16279239,2019
16279906,2021
16279969,2027
16280391,2032
16280859,2040
16280899,2053
16281496,2067
16281749,2068
16281835,2067
16282321,2062
16282459,2059
16282603,2051
16283227,2057
16283261,2063
16283298,2065
16283842,2062
16283769,2057
16284058,2060
16284467,2068
16284332,2072
16284627,2077
16284994,2087
16284740,2099
16285018,2108
16285233,2108
16285015,2099
16285391,2092
16285338,2084
16285116,2084
16285470,2086
16285393,2092
16285309,2092
16285637,2091
16285387,2094
16285347,2099
16285628,2099
16285406,2097
16285317,2106
16285501,2113
16285079,2103
16285154,2089
16285324,2080
16284921,2081
16285008,2084
16284952,2089
16284690,2093
16284869,2091
16284584,2091
16284478,2093
16284616,2096
16284221,2101
16284120,2093
16284305,2085
16283956,2073
16283882,2071
16284065,2077
16283555,2084
16283629,2090
16283742,2092
16283365,2088
16283498,2082
16283435,2086
16283074,2093
16283232,2093
16283120,2087
16282919,2082
16283102,2074
16282818,2068
16282626,2061
16282896,2065
16282551,2074
16282404,2076
16282632,2079
16282236,2091
16282318,2091
16282406,2089
16282044,2090
16282110,2082
16282181,2066
16281785,2050
16281946,2051
16281987,2055
16281663,2063
16281801,2059
16281651,2073
16281432,2078
16281754,2082
16281512,2082
16281200,2079
16281498,2071
16281197,2065
16281141,2059
16281298,2064
16281021,2074
16280989,2079
16281166,2082
16280724,2078
16280822,2074
16280836,2074
16280506,2074
16280694,2077
16280730,2081
16280456,2087
16280551,2095
16280389,2095
16280097,2085
16280262,2073
16280034,2065
16279866,2064
16279941,2074
16279624,2082
16279646,2090
16279689,2095
16279337,2088
16279355,2080
16279441,2076
16279123,2073
16279207,2072
16279084,2067
16278575,2065
16278840,2066
16278752,2065
16278399,2060
16278580,2065
16278262,2066
16278112,2066
16278345,2069
16277972,2071
16277795,2071
16277902,2076
16277581,2073
16277562,2080
16277583,2089
16277157,2090
16277326,2086
16277219,2077
16276806,2069
16276914,2057
16276800,2053
16276438,2046
16276664,2046
16276459,2059
16276036,2069
16276293,2072
16275906,2068
16275815,2063
16275902,2070
16275500,2072
16275329,2069
16275498,2055
16275045,2050
16274952,2051
16275003,2053
16274581,2045
16274581,2041
16274556,2042
16274153,2045
16274375,2045
16274169,2047
16273739,2042
16273828,2035
16273680,2031
16273442,2039
16273514,2044
16272965,2049
16272895,2056
16273060,2061
16272576,2057
16272478,2051
16272578,2053
16271965,2058
16272034,2065
16272039,2073
16271541,2091
16271634,2100
16271530,2095
16271084,2085
16271213,2074
16270904,2071
16270526,2070
16270759,2071
16270354,2065
16270165,2069
16270182,2072
16269703,2076
16269587,2091
16269747,2107
16269209,2113
16269234,2107
16269259,2095
16268636,2081
16268812,2076
16268683,2072
16268131,2068
16268197,2069
16267921,2070
16267641,2069
16267748,2067
16267426,2067
16267163,2066
16267247,2068
16266732,2078
16266636,2077
16266766,2077
16266271,2080
16266088,2085
16266137,2091
16265736,2091
16265643,2086
16265603,2081
16265044,2077
16265136,2072
16264971,2072
16264580,2067
16264711,2073
16264379,2084
16264009,2087
16264229,2089
16263784,2091
16263586,2090
16263641,2091
16263288,2087
16263105,2074
16263124,2063
16262486,2055
16262580,2041
16262482,2017
16262024,1980
16262014,1933
16261947,1876
16261509,1823
16261519,1778
16261316,1750
16260909,1735
16261094,1729
16260620,1729
16260362,1725
16260520,1729
16260125,1735
16259908,1748
16259980,1765
16259537,1798
16259337,1840
16259495,1896
16258923,1947
16258729,1997
16258761,2050
16258303,2089
16258406,2128
16258107,2166
16257697,2202
16257827,2235
16257529,2259
16257165,2263
16257265,2274
16256847,2283
16256730,2287
16256736,2291
16256156,2294
16255977,2303
16256040,2318
16255583,2327
16255479,2338
16255485,2341
16254819,2335
16254817,2339
16254760,2343
16254300,2346
16254353,2360
16254074,2368
16253657,2363
16253692,2348
16253404,2329
16253022,2317
16253143,2298
16252658,2273
16252485,2258
16252562,2242
16252066,2210
16251886,2177
16251833,2147
16251288,2117
16251376,2105
16251233,2088
16250632,2088
16250607,2070
16250528,2047
16250001,2032
16250032,2025
16249680,2026
16249265,2026
16249399,2028
16248955,2031
16248652,2027
16248753,2019
16248211,2015
16248031,2017
16248123,2019
16247552,2015
16247477,2013
16247347,2021
16246891,2016
16246830,2015
16246622,2012
16246063,2005
16246162,2005
16245817,2011
16245455,2011
16245611,2004
16245121,1996
16244767,1995
16244803,1998
16244422,2001
16244093,2005
16244089,2012
16243696,2011
16243550,2006
16243539,2007
16242927,2004
16242799,1999
16242780,1997
16242248,2004
16242332,2014
16242037,2017
16241592,2010
16241661,1999
16241398,1994
16240967,1990
16241036,1989
16240574,1991
16240309,1992
16240513,1993
16239983,1987
16239713,1987
16239788,1993
16239370,2006
16239303,2015
16239277,2014
16238785,2007
16238766,1995
16238607,1992
16238310,1993
16238374,1991
16238087,1993
16237766,1994
16238002,1991
16237738,1993
16237529,1990
16237760,1990
16237590,1991
16237493,1984
16237821,1982
16237573,1985
16237603,1979
16237896,1977
16237870,1975
16238116,1977
16238460,1985
16238500,1987
16238955,1981
16239467,1975
16239593,1973
16240393,1978
16240858,1984
16241278,1969
16242167,1970
16242762,1972
16243234,1974
16244351,1976
16244927,1967
16245652,1960
16246905,1952
16247585,1949
16248655,1961
16249664,1965
16250295,1955
16251544,1954
16252705,1952
16253369,1945
16254697,1939
16255560,1939
16256462,1920
16257671,1922
16258643,1913
16259377,1927
16260718,1931
16261489,1936
16262269,1937
16263457,1942
16263971,1950
16264981,1946
16266194,1949
16266550,1952
16267549,1943
16268377,1936
16268765,1936
16269818,1948
16270582,1957
16270987,1957
16271872,1956
16272457,1949
16272771,1950
16273882,1952
16274243,1951
16274567,1947
16275536,1946
16275928,1947
16276387,1943
16277176,1949
16277446,1963
16277988,1984
16278658,1995
16278802,1997
16279326,1990
16279826,1978
16279995,1967
16280878,1970
16281277,1981
16281485,1995
16282214,2006
16282385,2011
16282645,2017
16283277,2023
16283463,2030
16283658,2036
16284272,2041
16284388,2036
16284748,2025
16285332,2018
16285208,2013
16285635,2019
16286163,2035
16286087,2046
16286612,2055
16286893,2066
16286827,2078
16287355,2086
16287620,2094
16287660,2090
16288130,2086
16288141,2083
16288184,2092
16288719,2092
16288725,2085
16288770,2082
16289222,2082
16289094,2083
16289296,2083
16289719,2096
16289487,2106
16289671,2116
16289963,2124
16289770,2123
16290100,2113
16290171,2103
16289875,2089
16290396,2089
16290213,2095
16290008,2099
16290294,2103
16290159,2113
16289900,2114
16290203,2113
16289887,2108
16289823,2095
16290048,2093
16289694,2091
16289718,2086
16289895,2083
16289355,2081
16289397,2085
16289431,2088
16289073,2093
16289304,2100
16289006,2106
16288777,2106
16289013,2111
16288737,2103
16288542,2087
16288744,2080
16288430,2086
16288268,2075
16288360,2079
16287980,2065
16287894,2074
16288072,2076
16287609,2081
16287649,2095
16287663,2103
16287257,2105
16287175,2100
16287328,2092
16286877,2083
16287022,2081
16286970,2082
16286528,2077
16286755,2079
16286442,2078
16286326,2079
16286590,2087
16286202,2091
16286099,2083
16286313,2074
16286017,2066
16285934,2061
16286088,2064
16285612,2069
16285789,2075
16285779,2086
16285324,2091
16285515,2093
16285495,2087
16285113,2081
16285304,2077
16285177,2074
16284928,2073
16285231,2071
16284885,2067
16284814,2062
16284947,2065
16284630,2068
16284543,2071
16284828,2075
16284445,2077
16284393,2082
16284449,2083
16284084,2081
16284207,2078
16284188,2075
16283816,2073
16284021,2074
16283961,2078
16283662,2078
16283863,2076
16283553,2076
16283414,2070
16283660,2072
16283303,2068
16283171,2067
16283292,2067
16282933,2060
16282931,2059
16283123,2069
16282627,2071
16282673,2068
16282731,2072
16282331,2069
16282381,2071
16282426,2072
16282015,2061
16282272,2045
16282040,2044
16281758,2057
16281893,2066
16281585,2076
16281340,2083
16281649,2091
16281268,2094
16281159,2087
16281177,2085
16280802,2086
16280766,2080
16280936,2077
16280436,2069
16280553,2058
16280442,2062
16280138,2059
16280173,2057
16280172,2060
16279630,2070
16279840,2082
16279560,2082
16279363,2070
16279528,2073
16279207,2070
16278935,2060
16279043,2062
16278750,2071
16278569,2073
16278650,2075
16278202,2065
16278109,2062
16278311,2069
16277794,2062
16277821,2068
16277756,2068
16277256,2070
16277447,2073
16277306,2076
16276875,2070
16276958,2069
16276706,2066
16276453,2062
16276586,2054
16276278,2059
16276013,2064
16276171,2070
16275695,2070
16275593,2067
16275744,2065
16275168,2062
16275247,2061
16275298,2061
16274758,2063
16274877,2065
16274605,2063
16274188,2055
16274389,2047
16274115,2044
16273760,2037
16273967,2045
16273597,2057
16273218,2053
16273403,2050
16273008,2043
16272760,2036
16272931,2033
16272485,2032
16272398,2038
16272401,2043
16271930,2051
16271913,2057
16271976,2065
16271364,2062
16271426,2053
16271276,2047
16270851,2045
16271063,2044
16270769,2050
16270275,2050
16270448,2053
16270162,2050
16269750,2049
16269992,2050
16269525,2046
16269301,2047
16269468,2051
16269026,2055
16269008,2060
16268952,2063
16268377,2068
16268428,2064
16268426,2060
16267851,2045
16267988,2031
16267825,2016
16267460,2014
16267529,2024
16267213,2039
16266790,2051
16266937,2057
16266602,2058
16266315,2055
16266517,2044
16265931,2038
16265728,2032
16265849,2035
16265430,2039
16265273,2042
16265312,2048
16264781,2048
16264736,2046
16264697,2052
16264195,2045
16264229,2029
16264227,2030
16263653,2038
16263783,2044
16263525,2054
16263058,2058
16263207,2060
16262784,2057
16262625,2039
16262651,2046
16262105,2049
16261883,2043
16262070,2047
16261598,2046
16261386,2051
16261476,2052
16260905,2051
16260891,2052
16260825,2058
16260252,2047
16260291,2055
16260229,2057
16259831,2055
16259871,2057
16259479,2052
16259157,2047
16259267,2045
16258847,2041
16258603,2039
16258629,2043
16258139,2043
16257861,2039
16258045,2034
16257472,2033
16257432,2032
16257374,2038
16256914,2038
16256846,2040
16256649,2041
16256278,2042
16256244,2041
16255954,2039
16255605,2038
16255701,2045
16255314,2056
16254940,2056
16254993,2047
16254677,2049
16254293,2057
16254433,2063
16253912,2059
16253742,2055
16253824,2053
16253280,2048
16253048,2043
16253083,2047
16252489,2046
16252520,2042
16252219,2044
16251783,2043
16251973,2045
16251574,2042
16251155,2036
16251276,2034
16251005,2035
16250560,2031
16250680,2032
16250162,2035
16249959,2037
16250044,2042
16249531,2051
16249229,2054
16249276,2053
16248843,2050
16248724,2052
16248576,2055
16248084,2053
16248059,2048
16247884,2045
16247467,2032
16247487,2016
16247061,2007
16246604,2008
16246832,2019
16246489,2032
16246089,2039
16246145,2043
16245724,2049
16245405,2053
16245415,2042
16244916,2035
16244867,2031
16244760,2036
16244328,2037
16244201,2044
16244062,2053
16243519,2061
16243569,2057
16243438,2052
16242960,2038
16242964,2023
16242633,2029
16242264,2037
16242361,2051
16241894,2063
16241515,2073
16241710,2068
16241214,2060
16241022,2044
16240900,2053
16240381,2053
16240354,2051
16240260,2060
16239789,2057
16239702,2052
16239585,2051
16239045,2051
16239169,2057
16238858,2068
16238406,2062
16238578,2072
16238153,2060
16237894,2049
16237909,2049
16237494,2053
16237136,2053
16237272,2056
16236649,2058
16236621,2060
16236680,2061
16236002,2067
16236021,2077
16235934,2090
16235385,2084
16235398,2075
16235247,2065
16234689,2044
16234824,2035
16234620,2028
16234058,2031
16234284,2045
16233845,2063
16233642,2078
16233640,2088
16233206,2095
16232984,2084
16233064,2066
16232501,2047
16232426,2023
16232611,1998
16231968,1972
16231969,1941
16231868,1909
16231283,1863
16231365,1819
16231144,1780
16230715,1747
16230984,1719
16230679,1699
16230258,1692
16230344,1695
16229958,1706
16229709,1731
16229805,1766
16229362,1796
16229194,1826
16229314,1867
16228790,1909
16228721,1947
16228710,1987
16228280,2030
16228326,2076
16228273,2117
16227781,2151
16228030,2179
16227658,2203
16227276,2218
16227385,2234
16227140,2240
16226834,2249
16226946,2262
16226654,2275
16226433,2287
16226571,2294
16225943,2297
16225968,2300
16226048,2310
16225508,2315
16225586,2322
16225601,2318
16225108,2320
16225134,2321
16225065,2322
16224716,2319
16224753,2316
16224551,2323
16224226,2330
16224347,2328
16224112,2317
16223832,2287
16223886,2245
16223448,2207
16223305,2184
16223358,2161
16223083,2137
16223037,2112
16223000,2085
16222616,2070
16222667,2048
16222670,2053
16222165,2048
16222287,2038
16222195,2033
16221826,2029
16221912,2031
16221612,2031
16221297,2033
16221564,2024
16221218,2021
16221154,2007
16221233,2019
16220793,2017
16220767,2014
16220934,2006
16220456,1998
16220539,1993
16220439,1996
16220005,1997
16220071,2004
16220006,2012
16219629,2013
16219719,2017
16219626,2025
16219320,2033
16219488,2034
16219162,2030
16218914,2026
16219157,2019
16218745,2016
16218658,2011
16218853,2009
16218441,2009
16218371,2014
16218533,2019
16218045,2014
16218139,2009
16218149,2011
16217676,2009
16217868,2006
16217869,2006
16217326,2003
16217522,2003
16217257,2007
16217217,2014
16217369,2024
16217099,2027
16216840,2022
16217142,2015
16216729,2005
16216739,2003
16216993,2012
16216614,2014
16216850,2002
16216951,1999
16216583,1992
16216687,1994
16216853,1998
16216774,2001
16217059,2005
16217027,2006
16216941,2005
16217376,2009
16217445,2008
16217674,1999
16218256,1995
16218334,1988
16218751,1985
16219355,1984
16219617,1984
16220170,1981
16220953,1981
16221222,1978
16222240,1978
16223196,1983
16223831,1986
16225132,1985
16226113,1991
16227154,2001
16228713,2006
16229870,2002
16231028,1995
16232750,1985
16233941,1971
16235210,1951
16236917,1941
16237959,1938
16239357,1938
16241142,1940
16242244,1953
16243769,1961
16245225,1960
16246283,1961
16247994,1958
16249416,1956
16250426,1952
16252040,1948
16253319,1948
16254123,1953
16255810,1953
16256790,1963
16257680,1957
16259019,1942
16259850,1941
16260913,1939
16262251,1937
16262845,1935
16263813,1941
16264844,1949
16265467,1960
16266517,1939
16267465,1945
16267883,1933
16268849,1934
16269648,1939
16270088,1948
16271121,1947
16271692,1938
16272151,1938
16273084,1944
16273607,1950
16274052,1951
16274910,1958
16275171,1962
16275689,1967
16276600,1965
16276803,1958
16277466,1953
16278154,1952
16278362,1954
16279072,1953
16279540,1957
16279684,1958
16280381,1963
16280798,1974
16281107,1981
16281746,1992
16281853,1997
16282127,1996
16282917,1997
16282967,2000
16283401,2006
16283978,2014
16283986,2018
16284473,2017
16285061,2020
16285012,2021
16285529,2025
16285972,2028
16285856,2033
16286438,2037
16286706,2046
16286710,2045
16287184,2051
16287438,2056
16287509,2057
16287911,2061
16287951,2065
16288140,2065
16288747,2070
16288609,2071
16288633,2070
16289120,2077
16289000,2081
16289332,2089
16289636,2097
16289534,2099
16289689,2097
16289916,2091
16289761,2084
16290138,2083
16290106,2087
16289881,2088
16290360,2088
16290250,2084
16290143,2078
16290415,2079
16290079,2080
16290075,2078
16290431,2076
16290098,2071
16290180,2080
16290371,2089
16289890,2093
16290058,2090
16290148,2089
16289739,2087
16289932,2091
16289791,2100
16289578,2111
16289789,2112
16289675,2100
16289323,2097
16289600,2093
16289253,2088
16289023,2087
16289383,2084
16288810,2074
16288840,2073
16288962,2069
16288621,2086
16288641,2092
16288715,2093
16288194,2094
16288433,2086
16288502,2078
16288055,2070
16288238,2065
16288191,2071
16287967,2063
16288088,2078
16287945,2079
16287785,2073
16288020,2068
16287701,2067
16287582,2068
16287840,2078
16287598,2081
16287478,2077
16287590,2079
16287235,2085
16287354,2090
16287440,2100
16287103,2086
16287222,2070
16287238,2057
16286966,2052
16287126,2056
16287058,2066
16286734,2072
16287101,2071
16286942,2071
16286773,2067
16287037,2065
16286730,2059
16286666,2056
16286903,2071
16286550,2083
16286612,2088
16286749,2089
16286184,2084
16286438,2079
16286464,2072
16286076,2062
16286228,2062
16286197,2061
16285818,2061
16286124,2062
16286107,2060
16285737,2054
16286071,2050
16285773,2046
16285528,2044
16285795,2057
16285630,2069
16285453,2078
16285613,2087
16285258,2091
16285162,2087
16285401,2083
16284987,2084
16285104,2081
16285082,2079
16284743,2073
16284893,2062
16284774,2061
16284381,2066
16284667,2074
16284386,2082
16284272,2089
16284469,2085
16284212,2075
16283961,2068
16284190,2076
16283874,2077
16283778,2071
16283930,2068
16283419,2066
16283537,2065
16283655,2064
16283077,2043
16283182,2044
16283191,2054
16282644,2061
16282984,2059
16282736,2058
16282453,2055
16282723,2050
16282451,2050
16282225,2049
16282367,2052
16282019,2051
16281828,2049
16282073,2059
16281701,2065
16281652,2069
16281584,2073
16281171,2073
16281304,2070
16281191,2066
16280831,2073
16280922,2071
16280863,2061
16280362,2062
16280509,2063
16280364,2065
16280092,2063
16280271,2060
16279832,2058
16279716,2063
16279824,2065
16279333,2079
16279279,2067
16279364,2049
16278987,2043
16278893,2046
16278967,2052
16278478,2053
16278595,2054
16278572,2054
16278157,2055
16278177,2050
16277986,2053
16277613,2047
16277780,2041
16277588,2040
16277183,2044
16277419,2055
16277084,2067
16276819,2067
16276971,2058
16276534,2050
16276350,2046
16276551,2053
16276096,2055
16275975,2059
16276036,2061
16275577,2058
16275552,2055
16275609,2059
16275098,2065
16275267,2068
16275011,2070
16274630,2070
16274839,2070
16274469,2070
16274260,2077
16274415,2079
16273948,2080
16273767,2078
16273876,2083
16273487,2077
16273296,2069
16273401,2072
16272896,2076
16272930,2081
16272798,2082
16272310,2076
16272446,2079
16272319,2081
16271784,2075
16272071,2063
16271738,2056
16271457,2047
16271644,2047
16271156,2051
16270934,2056
16271138,2061
16270735,2060
16270495,2059
16270665,2057
16270070,2057
16269985,2064
16270091,2067
16269630,2063
16269602,2065
16269473,2070
16269006,2070
16269135,2072
16269012,2078
16268695,2074
16268777,2066
16268300,2059
16268038,2064
16268228,2063
16267792,2065
16267622,2069
16267674,2072
16267324,2067
16267207,2068
16267178,2061
16266669,2036
16266602,2017
16266589,1997
16266159,1969
16266259,1927
16266112,1889
16265672,1854
16265778,1814
16265523,1771
16265149,1748
16265324,1721
16264860,1701
16264754,1702
16264825,1713
16264431,1731
16264178,1757
16264285,1779
16263773,1814
16263686,1849
16263795,1891
16263123,1930
16263118,1987
16263132,2026
16262608,2081
16262756,2116
16262547,2153
16262042,2185
16262265,2218
16262020,2237
16261635,2241
16261764,2249
16261273,2259
16261050,2274
16261113,2287
16260769,2289
16260574,2293
16260646,2302
16260145,2315
16260061,2318
16260100,2332
16259578,2345
16259554,2343
16259498,2343
16258928,2343
16258917,2340
16258716,2342
16258204,2334
16258402,2326
16258157,2314
16257867,2298
16258000,2288
16257421,2289
16257174,2286
16257223,2261
16256793,2227
16256650,2183
16256621,2142
16256102,2112
16255971,2092
16255974,2075
16255383,2067
16255518,2065
16255271,2060
16254908,2054
16254928,2046
16254522,2032
16254156,2013
16254245,1995
16253933,1983
16253569,1974
16253654,1975
16253074,1972
16252960,1975
16252925,1991
16252453,2001
16252443,2002
16252322,2004
16251761,2004
16251723,2003
16251513,2004
16251107,1999
16251096,1999
16250807,2007
16250410,2011
16250395,2011
16250110,2011
16249795,2012
16249807,2005
16249366,1998
16249088,1984
16249074,1983
16248545,1985
16248433,1995
16248505,1999
16247888,1999
16247855,1997
16247709,1999
16247141,2000
16247235,2004
16247047,2007
16246564,1995
16246662,1990
16246300,1993
16245981,1987
16246123,1984
16245667,1982
16245388,1983
16245489,1987
16244862,1984
16244757,1999
16244856,2004
16244345,1996
16244320,1998
16244351,1995
16243826,1992
16244048,1986
16243708,1980
16243353,1970
16243610,1978
16243610,1982
16243250,2000
16243604,1996
16243432,1995
16243402,1995
16243658,1999
16243612,1994
16243600,1987
16244163,1984
16244171,1986
16244462,1988
16245046,1996
16245130,1999
16245668,1995
16246403,1996
16246733,1991
16247468,1984
16248100,1981
16248575,1980
16249662,1977
16250388,1971
16251001,1965
16252211,1963
16252965,1963
16253828,1962
16255146,1963
16255979,1955
16256921,1950
16258233,1951
16259084,1948
16260093,1941
16261412,1931
16262018,1933
16263157,1941
16264332,1946
16264941,1949
16266150,1948
16267161,1945
16267882,1944
16269144,1944
16269957,1939
16270630,1931
16271724,1920
16272295,1925
16273227,1935
16274264,1941
16274700,1937
16275486,1930
16276386,1927
16276776,1924
16277705,1928
16278326,1937
16278655,1947
16279531,1961
16280246,1979
16280529,1982
16281415,1970
16281812,1946
16282322,1932
16283015,1929
16283310,1927
16283780,1925
16284471,1926
16284648,1925
16285132,1927
16285807,1932
16285945,1940
16286327,1950
16286962,1958
16287109,1964
16287686,1963
16288128,1971
16288103,1977
16288642,1981
16289150,1981
16289220,1984
16289798,1985
16290023,1992
16290114,1993
16290696,2008
16290845,2012
16291054,2011
16291522,2026
16291720,2039
16292011,2044
16292465,2044
16292351,2040
16292876,2036
16293187,2033
16293148,2025
16293583,2036
16293945,2042
16293707,2045
16294241,2057
16294491,2074
16294456,2084
16294893,2085
16294937,2081
16294936,2066
16295448,2069
16295356,2063
16295500,2077
16295869,2080
16295685,2078
16296000,2079
16296387,2086
16296067,2090
16296323,2099
16296546,2106
16296293,2110
16296730,2113
16296809,2110
16296479,2103
16296869,2097
16296891,2095
16296700,2092
16296991,2091
16296717,2092
16296528,2093
16296904,2095
16296640,2089
16296546,2081
16296693,2078
16296318,2089
16296400,2107
16296540,2123
16296215,2126
16296232,2119
16296137,2105
16295731,2097
16296011,2094
16295865,2098
16295428,2096
16295600,2088
16295451,2082
16295156,2079
16295290,2076
16294963,2074
16294823,2078
16294972,2086
16294631,2087
16294541,2086
16294563,2088
16294212,2090
16294208,2086
16294330,2083
16293774,2073
16293853,2071
16293924,2067
16293416,2067
16293886,2069
16293532,2066
16293200,2063
16293456,2062
16293252,2068
16292968,2074
16293311,2076
16292858,2078
16292796,2075
16293147,2074
16292628,2069
16292658,2067
16292707,2071
16292292,2072
16292508,2067
16292508,2066
16292145,2063
16292325,2065
16292370,2069
16291960,2075
16292228,2065
16292126,2057
16291937,2052
16292142,2054
16291859,2063
16291709,2067
16291960,2076
16291529,2087
16291549,2091
16291824,2100
16291269,2093
16291465,2073
16291475,2063
16291085,2054
16291318,2041
16291168,2042
16290871,2053
16291040,2064
16290960,2069
16290642,2081
16290906,2098
16290552,2097
16290355,2080
16290645,2068
16290245,2066
16290227,2065
16290406,2069
16290007,2075
16289955,2063
16290133,2065
16289702,2055
16289757,2073
16289690,2075
16289347,2069
16289605,2065
16289523,2067
16289193,2067
16289340,2071
16289073,2072
16288801,2070
16289063,2073
16288837,2072
16288521,2078
16288786,2085
16288433,2086
16288333,2080
16288546,2073
16288041,2070
16287954,2072
16288154,2067
16287659,2052
16287740,2044
16287618,2050
16287235,2059
16287502,2069
16287330,2078
16286886,2085
16287065,2085
16286960,2079
16286491,2075
16286693,2081
16286397,2082
16286265,2076
16286351,2078
16285984,2081
16285941,2081
16285944,2072
16285526,2061
16285552,2053
16285520,2049
16285031,2047
16285253,2046
16285123,2049
16284649,2058
16284783,2066
16284569,2068
16284275,2062
16284419,2063
16284127,2066
16283813,2065
16284008,2069
16283587,2067
16283427,2063
16283533,2057
16283148,2054
16283108,2059
16283047,2072
16282588,2078
16282563,2075
16282605,2073
16282089,2073
16282232,2073
16282011,2072
16281688,2063
16281854,2056
16281545,2055
16281197,2048
16281297,2046
16280952,2044
16280763,2047
16280969,2043
16280426,2051
16280126,2058
16280361,2068
16279802,2065
16279797,2059
16279749,2058
16279326,2051
16279421,2049
16279225,2051
16278817,2050
16278996,2040
16278612,2045
16278297,2050
16278418,2055
16278122,2059
16277875,2060
16277948,2056
16277627,2051
16277341,2039
16277427,2046
16277049,2047
16276841,2054
16276840,2053
16276442,2047
16276324,2053
16276304,2058
16275878,2058
16276025,2053
16275782,2055
16275308,2053
16275525,2065
16275241,2055
16274773,2059
16274995,2052
16274639,2050
16274333,2044
16274512,2044
16273946,2050
16273777,2057
16274025,2063
16273529,2067
16273320,2061
16273280,2062
16272853,2058
16272886,2055
16272753,2059
16272272,2053
16272264,2049
16272077,2045
16271759,2041
16271926,2036
16271608,2030
16271209,2030
16271420,2037
16271003,2046
16270670,2055
16270755,2066
16270358,2070
16270246,2067
16270227,2062
16269658,2053
16269616,2047
16269592,2051
16269144,2053
16269251,2052
16268966,2047
16268506,2043
16268641,2043
16268390,2046
16267993,2048
16268079,2054
16267629,2060
16267290,2060
16267358,2061
16267002,2060
16266811,2054
16266929,2047
16266305,2040
16266301,2040
16266283,2040
16265776,2036
16265736,2035
16265511,2033
16265119,2029
16265187,2031
16265034,2044
16264560,2061
16264448,2073
16264244,2073
16263942,2059
16264046,2046
16263586,2035
16263271,2027
16263445,2023
16262914,2019
16262739,2023
16262754,2031
16262137,2046
16262115,2050
16262070,2047
16261556,2041
16261563,2043
16261379,2049
16260887,2045
16260882,2047
16260692,2051
16260198,2047
16260368,2037
16259962,2038
16259519,2034
16259789,2028
16259255,2032
16258879,2035
16259013,2043
16258583,2046
16258404,2043
16258368,2034
16257775,2042
16257713,2043
16257686,2053
16257236,2056
16257180,2052
16257033,2042
16256444,2036
16256565,2039
16256237,2038
16255697,2032
16255872,2025
16255542,2025
16255043,2017
16255245,2013
16254777,2006
16254387,2011
16254545,2025
16254055,2033
16253834,2039
16253756,2053
16253288,2041
16253264,2032
16253102,2027
16252590,2028
16252599,2034
16252179,2045
16251772,2050
16251877,2043
16251631,2041
16251092,2042
16251296,2045
16250763,2043
16250459,2044
16250551,2047
16250021,2039
16249722,2028
16249823,2019
16249342,2013
16249148,2009
16249120,2014
16248483,2022
16248415,2027
16248424,2037
16247821,2043
16247803,2041
16247615,2044
16247118,2047
16247212,2046
16246808,2046
16246415,2046
16246514,2047
16246015,2057
16245785,2067
16245831,2083
16245210,2092
16245189,2084
16245183,2076
16244695,2065
16244563,2059
16244445,2051
16243914,2039
16243858,2033
16243818,2031
16243241,2037
16243207,2042
16242930,2048
16242653,2051
16242699,2049
16242330,2059
16241947,2065
16242033,2072
16241433,2070
16241272,2070
16241365,2071
16240778,2072
16240569,2073
16240580,2074
16240051,2065
16240023,2047
16239932,2034
16239402,2028
16239499,2030
16239225,2027
16238739,2031
16238875,2038
16238547,2045
16238130,2044
16238382,2052
16237883,2063
16237564,2063
16237595,2054
16237201,2047
16237003,2037
16237142,2019
16236525,2008
16236413,1986
16236417,1956
16235912,1909
16236008,1857
16235701,1803
16235224,1754
16235371,1715
16235158,1709
16234849,1705
16234823,1693
16234458,1688
16234221,1689
16234340,1706
16233919,1732
16233651,1771
16233790,1811
16233240,1855
16233141,1897
16233292,1944
16232702,1990
16232678,2034
16232741,2071
16232183,2106
16232171,2142
16232065,2177
16231678,2199
16231784,2219
16231528,2238
16231214,2248
16231275,2264
16231000,2289
16230746,2313
16230872,2325
16230414,2321
16230176,2320
16230282,2316
16229838,2316
16229886,2322
16229835,2323
16229412,2331
16229371,2335
16229466,2338
16228921,2334
16229081,2333
16228864,2331
16228479,2322
16228615,2312
16228359,2297
16227940,2280
16228120,2269
16227846,2244
16227524,2215
16227756,2185
16227351,2150
16227272,2119
16227234,2101
16226859,2085
16226866,2074
16226924,2066
16226413,2055
16226381,2046
16226486,2048
16226006,2044
16226103,2038
16225964,2032
16225481,2020
16225758,2011
16225438,2008
16225154,2006
16225306,2012
16224978,2019
16224770,2021
16224945,2023
16224538,2018
16224538,2004
16224559,1998
16224141,1993
16224159,1992
16224250,1994
16223746,1992
16223924,1998
16223757,2007
16223458,2012
16223512,2009
16223433,2006
16223065,2006
16223343,2011
16223029,2007
16222777,2009
16222950,2010
16222560,2010
16222450,2004
16222595,2004
16222290,2003
16222224,2004
16222316,2010
16221933,2025
16222054,2024
16221922,2011
16221517,2000
16221646,1994
16221800,1992
16221388,1996
16221521,2009
16221268,2017
16221017,2016
16221352,2003
16221172,2005
16220890,2001
16221120,1998
16220822,2003
16220860,2006
16221040,2014
16220683,2015
16220752,2012
16220886,1998
16220657,1988
16220972,1970
16221070,1979
16220835,1973
16221153,1974
16221368,1981
16221317,1996
16221756,2003
16221866,2006
16222116,2003
16222751,2000
16222913,1998
16223354,1995
16224174,1997
16224374,1997
16225116,1999
16226070,1997
16226506,1996
16227471,1994
16228548,1992
16229388,1986
16230643,1983
16231970,1980
16232866,1976
16234577,1977
16235929,1976
16236947,1969
16238820,1960
16239961,1954
16241123,1955
16242957,1957
16244149,1958
16245576,1960
16247217,1963
16248272,1966
16249822,1971
16251417,1971
16252501,1964
16254039,1952
16255493,1939
16256470,1932
16257982,1930
16259187,1937
16260065,1941
16261460,1946
16262598,1950
16263410,1951
16264764,1955
16265568,1955
16266400,1950
16267747,1943
16268363,1937
16269301,1933
16270465,1933
16270884,1933
16271754,1931
16272757,1929
16273256,1918
16274108,1912
16274992,1914
16275406,1920
16276347,1933
16276934,1942
16277454,1946
16278354,1945
16278741,1950
16279227,1950
16280170,1952
16280580,1956
16281037,1956
16281844,1958
16282157,1955
16282726,1961
16283441,1962
16283568,1963
16284152,1960
16284819,1964
16284968,1966
16285618,1967
16286026,1980
16286287,1984
16286928,1990
16287215,1993
16287356,1996
16288073,2005
16288404,2027
16288550,2039
16289272,2039
16289280,2028
16289677,2012
16290308,2001
16290275,2002
16290588,2012
16291105,2028
16291118,2039
16291452,2044
16291931,2057
16291907,2060
16292464,2059
16292622,2063
16292691,2071
16293078,2077
16293299,2087
16293455,2095
16293756,2094
16293816,2084
16293917,2073
16294427,2075
16294276,2077
16294403,2086
16294888,2095
16294643,2091
16294837,2079
16295250,2074
16294859,2066
16295205,2073
16295407,2075
16295098,2088
16295425,2100
16295400,2104
16295151,2107
16295458,2101
16295428,2094
16295237,2088
16295418,2087
16295212,2096
16295159,2098
16295335,2089
16295016,2093
16294967,2086
16295223,2086
16294737,2080
16294928,2078
16294974,2080
16294516,2078
16294660,2069
16294657,2078
16294330,2079
16294463,2085
16294287,2089
16293974,2086
16294263,2091
16294007,2098
16293741,2105
16293928,2105
16293703,2092
16293507,2074
16293727,2067
16293325,2071
16293281,2080
16293520,2077
16293033,2070
16293099,2071
16293200,2077
16292827,2078
16293011,2077
16293068,2081
16292654,2083
16292801,2084
16292692,2082
16292466,2079
16292760,2082
16292511,2091
16292353,2090
16292538,2085
16292261,2077
16292137,2058
16292386,2044
16292069,2036
16292085,2038
16292262,2048
16291882,2053
16291996,2069
16292055,2083
16291671,2091
16291918,2081
16291944,2067
16291622,2060
16291878,2058
16291720,2063
16291491,2071
16291708,2077
16291495,2073
16291305,2075
16291478,2071
16291225,2074
16291180,2068
16291339,2064
16290878,2069
16291022,2070
16291225,2066
16290752,2074
16290968,2073
16290905,2060
16290539,2057
16290728,2060
16290624,2065
16290414,2069
16290592,2075
16290375,2076
16290144,2073
16290379,2063
16290011,2070
16289945,2070
16290142,2077
16289742,2079
16289783,2083
16289942,2086
16289476,2082
16289420,2075
16289576,2064
16289177,2052
16289302,2054
16289282,2058
16288883,2068
16289038,2079
16288902,2092
16288572,2093
16288795,2086
16288537,2082
16288360,2075
16288574,2076
16288092,2074
16288050,2067
16288159,2055
16287872,2039
16287812,2030
16287867,2031
16287491,2038
16287390,2048
16287550,2058
16287164,2067
16287153,2075
16287151,2073
16286715,2068
16286937,2063
16286725,2059
16286370,2053
16286513,2051
16286182,2056
16285997,2061
16286132,2069
16285774,2077
16285657,2086
16285785,2092
16285348,2090
16285349,2081
16285453,2074
16284922,2061
16284986,2052
16284874,2046
16284557,2048
16284720,2054
16284514,2061
16284130,2059
16284326,2053
16284004,2049
16283736,2042
16283840,2045
16283629,2046
16283308,2046
16283496,2039
16283111,2026
16282863,2023
16283030,2031
16282573,2047
16282523,2059
16282591,2065
16282159,2061
16282155,2056
16282128,2053
16281730,2045
16281732,2054
16281584,2058
16281112,2054
16281380,2038
16281194,2026
16280797,2019
16280950,2026
16280551,2036
16280385,2052
16280480,2063
16280050,2061
16280000,2063
16279997,2069
16279494,2067
16279506,2062
16279522,2057
16279041,2057
16279078,2059
16278998,2059
16278474,2072
16278751,2074
16278503,2065
16278032,2060
16278303,2055
16277942,2051
16277742,2046
16277782,2043
16277350,2046
16277231,2056
16277295,2054
16276870,2064
16276750,2066
16276850,2066
16276334,2076
16276254,2085
16276185,2085
16275729,2076
16275812,2069
16275736,2071
16275309,2070
16275377,2073
16275121,2075
16274794,2079
16274919,2077
16274614,2073
16274299,2067
16274508,2067
16273987,2074
16273783,2077
16274035,2075
16273409,2068
16273238,2060
16273420,2055
16272885,2051
16272882,2050
16272770,2044
16272386,2041
16272341,2051
16272277,2063
16271771,2069
16271930,2071
16271627,2071
16271275,2065
16271345,2059
16271105,2049
16270826,2037
16270906,2022
16270493,1999
16270268,1973
16270260,1940
16269854,1895
16269838,1854
16269898,1821
16269242,1795
16269321,1777
16269295,1757
16268804,1737
16268958,1726
16268686,1722
16268319,1728
16268370,1751
16268020,1786
16267778,1825
16267856,1867
16267478,1906
16267225,1943
16267323,1981
16266766,2025
16266588,2070
16266676,2110
16266245,2142
16266263,2173
16266164,2197
16265552,2212
16265654,2225
16265640,2244
16265112,2254
16265071,2265
16264855,2272
16264437,2266
16264584,2272
16264309,2275
16263915,2281
16264078,2289
16263628,2296
16263353,2303
16263557,2317
16263064,2321
16262747,2326
16262961,2329
16262453,2320
16262305,2311
16262096,2304
16261686,2294
16261757,2287
16261735,2285
16260999,2280
16261158,2267
16260825,2236
16260550,2215
16260628,2185
16260126,2151
16259828,2125
16260000,2101
16259480,2080
16259172,2069
16259363,2056
16258783,2040
16258625,2029
16258651,2019
16258057,2025
16258012,2024
16257949,2026
16257304,2023
16257364,2023
16257206,2023
16256749,2013
16256830,2010
16256516,2014
16256156,2022
16256123,2029
16255805,2033
16255293,2027
16255494,2016
16254959,2009
16254836,2004
16254695,2005
16254326,2004
16254161,1999
16254105,2000
16253564,2000
16253608,2000
16253366,1999
16252828,2001
16252816,1998
16252629,1994
16252180,1989
16252234,1984
16251887,1985
16251469,1992
16251463,2000
16251059,2006
16250797,2007
16250952,2010
16250442,2009
16250189,2002
16250205,1996
16249683,1997
16249614,1997
16249620,1999
16248978,1998
16248974,1991
16248814,1988
16248228,1989
16248296,1993
16248090,1998
16247772,2002
16247805,2007
16247543,2011
16247331,2009
16247420,2008
16246969,2010
16246792,2012
16247012,2007
16246573,1998
16246523,1992
16246710,1990
16246319,1984
16246535,1976
16246686,1973
16246496,1975
16246775,1983
16246731,1986
16246833,1979
16247250,1973
16247414,1971
16247623,1977
16248237,1988
16248538,1996
16248844,1986
16249796,1979
16250019,1970
16250675,1966
16251594,1962
16252063,1963
16252988,1969
16253834,1974
16254575,1973
16255502,1975
16256557,1968
16257141,1950
16258463,1944
16259482,1940
16260162,1935
16261591,1933
16262559,1934
16263384,1932
16264688,1942
16265474,1948
16266477,1970
16267852,1972
16268535,1964
16269436,1956
16270625,1953
16271352,1945
16272344,1936
16273300,1927
16273902,1933
16274995,1929
16275870,1948
16276419,1940
16277442,1941
16278164,1938
16278669,1935
16279744,1932
16280261,1931
16280907,1932
16281780,1935
16282161,1939
16282725,1939
16283735,1935
16283954,1929
16284524,1937
16285409,1944
16285547,1951
16286299,1949
16287005,1949
16287050,1954
16287838,1960
16288260,1962
16288482,1963
16289171,1963
16289484,1969
16289765,1974
16290481,1981
16290703,1985
16290891,1981
16291716,1981
16291733,1983
16292173,1990
16292629,2001
16292676,2007
16293136,2011
16293657,2002
16293695,1997
16294117,1989
16294490,1995
16294472,2010
16295042,2031
16295285,2043
16295416,2048
16295888,2038
16295888,2031
16296040,2025
16296597,2025
16296736,2032
16296757,2041
16297230,2055
16297193,2069
16297424,2079
16297973,2090
16297859,2095
16298024,2094
16298408,2091
16298305,2089
16298645,2089
16298845,2094
16298766,2087
16299146,2086
16299252,2083
16299263,2077
16299574,2069
16299421,2065
16299286,2070
16299772,2089
16299656,2103
16299567,2108
16299899,2105
16299520,2099
16299723,2085
16299929,2087
16299557,2089
16299761,2090
16299834,2089
16299462,2092
16299744,2095
16299648,2098
16299238,2097
16299556,2103
16299257,2104
16298990,2094
16299267,2095
16298990,2089
16298724,2083
16298938,2078
16298626,2073
16298582,2070
16298555,2073
16298128,2071
16298291,2089
16298331,2098
16297760,2091
16297913,2086
16297759,2082
16297374,2076
16297563,2075
16297385,2078
16297031,2082
16297245,2094
16296951,2088
16296686,2096
16296951,2089
16296604,2083
16296279,2072
16296548,2063
16296365,2060
16296151,2054
16296202,2057
16295863,2060
16295943,2064
16296024,2068
16295516,2074
16295734,2077
16295710,2083
16295406,2082
16295662,2085
16295402,2082
16294985,2078
16295334,2079
16295168,2082
16294877,2082
16295162,2079
16294848,2077
16294773,2072
16295002,2067
16294536,2058
16294619,2051
16294756,2051
16294332,2052
16294515,2051
16294447,2049
16294159,2054
16294290,2060
16294181,2062
16293989,2068
16294153,2070
16294040,2071
16293760,2075
16294001,2078
16293657,2078
16293562,2077
16293728,2077
16293349,2073
16293334,2068
16293560,2071
16293097,2073
16293273,2074
16293243,2072
16292836,2067
16293024,2071
16293013,2069
16292554,2064
16292750,2070
16292456,2071
16292316,2055
16292443,2044
16292240,2045
16291931,2055
16292138,2066
16291859,2073
16291731,2077
16291982,2076
16291494,2074
16291373,2071
16291501,2071
16291055,2065
16291167,2061
16291134,2062
16290781,2063
16290875,2058
16290802,2064
16290437,2070
16290479,2075
16290330,2072
16290098,2066
16290235,2059
16289987,2056
16289606,2058
16289841,2067
16289482,2067
16289389,2053
16289501,2055
16288970,2054
16289081,2057
16289121,2068
16288642,2078
16288718,2086
16288560,2087
16288160,2066
16288392,2055
16288158,2040
16287822,2035
16287956,2048
16287637,2063
16287416,2068
16287660,2074
16287216,2068
16286985,2060
16287164,2062
16286828,2053
16286658,2059
16286702,2054
16286145,2050
16286056,2053
16286186,2057
16285708,2060
16285744,2063
16285704,2071
16285261,2075
16285399,2071
16285239,2070
16284786,2064
16284932,2065
16284580,2075
16284401,2079
16284461,2078
16284157,2068
16283874,2056
16283978,2049
16283598,2045
16283425,2041
16283510,2049
16283025,2056
16283030,2062
16282974,2071
16282444,2070
16282466,2064
16282419,2055
16281988,2045
16282098,2037
16281810,2038
16281571,2043
16281526,2055
16281237,2059
16281035,2059
16281081,2060
16280694,2055
16280429,2047
16280532,2050
16280112,2051
16280001,2056
16280121,2067
16279622,2067
16279613,2063
16279470,2059
16278968,2047
16279186,2037
16278854,2034
16278469,2033
16278651,2038
16278343,2041
16277894,2045
16278096,2051
16277630,2052
16277506,2053
16277626,2054
16277183,2059
16277138,2067
16276997,2076
16276637,2079
16276580,2076
16276577,2069
16275954,2059
16276036,2054
16275898,2053
16275458,2051
16275629,2050
16275267,2052
16274902,2054
16275100,2049
16274768,2051
16274384,2045
16274511,2041
16274080,2029
16273875,2029
16273915,2038
16273403,2046
16273434,2057
16273314,2072
16272877,2069
16272953,2053
16272770,2043
16272278,2030
16272282,2024
16272187,2027
16271655,2029
16271841,2038
16271582,2045
16271167,2045
16271329,2064
16270831,2065
16270694,2053
16270639,2054
16270177,2058
16270085,2060
16270092,2059
16269583,2047
16269471,2037
16269446,2041
16268991,2036
16268995,2055
16268848,2055
16268271,2053
16268429,2056
16268145,2064
16267723,2064
16267980,2056
16267294,2046
16267206,2043
16267192,2047
16266761,2047
16266453,2050
16266544,2051
16265989,2051
16265982,2037
16265899,2027
16265287,2025
16265393,2027
16265215,2035
16264632,2043
16264685,2044
16264504,2044
16264163,2051
16264256,2056
16263818,2055
16263367,2050
16263579,2049
16262992,2050
16262718,2052
16262851,2052
16262321,2047
16262257,2045
16262157,2040
16261692,2034
16261625,2028
16261638,2024
16261000,2019
16261016,2016
16260901,2021
16260319,2034
16260422,2048
16260138,2063
16259609,2069
16259785,2071
16259424,2064
16259012,2055
16259101,2042
16258740,2037
16258393,2035
16258390,2035
16257945,2036
16257796,2039
16257665,2044
16257181,2045
16257127,2043
16256965,2041
16256482,2035
16256542,2030
16256334,2027
16255771,2028
16255963,2039
16255592,2051
16255128,2052
16255217,2052
16254807,2051
16254527,2046
16254566,2043
16254112,2040
16253746,2029
16253897,2018
16253408,2016
16253155,2012
16253134,2018
16252605,2017
16252581,2023
16252429,2028
16251904,2028
16251973,2028
16251679,2037
16251215,2040
16251315,2035
16250921,2033
16250588,2025
16250592,2031
16250150,2034
16249901,2028
16249880,2027
16249419,2029
16249310,2022
16249288,2037
16248796,2046
16248625,2041
16248600,2040
16248107,2034
16248059,2034
16247897,2032
16247397,2023
16247305,2022
16247127,2029
16246706,2022
16246782,2035
16246302,2032
16246043,2036
16246159,2047
16245705,2054
16245374,2054
16245477,2057
16244852,2063
16244860,2064
16244780,2065
16244336,2059
16244241,2057
16244193,2057
16243585,2053
16243578,2047
16243441,2043
16242860,2041
16242879,2045
16242622,2054
16242223,2059
16242291,2062
16241954,2062
16241804,2052
16241745,2046
16241298,2048
16241054,2052
16241119,2057
16240600,2061
16240476,2065
16240561,2065
16239919,2059
16240068,2062
16239955,2065
16239417,2068
16239489,2072
16239190,2080
16238851,2076
16238953,2071
16238485,2063
16238173,2051
16238335,2044
16237927,2037
16237608,2041
16237710,2054
16237248,2061
16237176,2061
16237185,2063
16236591,2062
16236540,2061
16236534,2061
16236074,2059
16236119,2051
16235946,2034
16235532,2007
16235730,1982
16235401,1961
16234947,1931
16235049,1888
16234768,1833
16234526,1786
16234744,1749
16234365,1725
16234064,1706
16234205,1702
16233736,1700
16233662,1702
16233689,1710
16233304,1719
16233128,1742
16233255,1766
16232685,1811
16232802,1853
16232691,1899
16232183,1946
16232377,1995
16232139,2043
16231900,2087
16231944,2126
16231581,2162
16231462,2189
16231560,2209
16231171,2234
16231057,2255
16231100,2271
16230556,2280
16230550,2289
16230672,2300
16230162,2310
16230199,2318
16230180,2321
16229864,2314
16229873,2308
16229684,2325
16229381,2335
16229499,2329
16229306,2332
16228925,2333
16229111,2337
16228773,2341
16228587,2329
16228825,2315
16228397,2304
16228212,2285
16228352,2292
16227920,2275
16227996,2253
16227934,2226
16227502,2190
16227628,2164
16227565,2136
16227138,2111
16227376,2085
16227114,2067
16226826,2049
16226963,2039
16226695,2040
16226550,2040
16226624,2043
16226315,2038
16226147,2028
16226282,2020
16225886,2012
16225749,2006
16225875,2007
16225561,2015
16225587,2020
16225618,2024
16225025,2023
16225285,2017
16225191,2014
16224721,2017
16224938,2021
16224806,2020
16224473,2016
16224620,2007
16224371,1989
16224292,1978
16224313,1985
16223965,1994
16223910,2000
16224116,2006
16223664,2008
16223720,2011
16223714,2011
16223329,2007
16223448,2010
16223491,2017
16223082,2023
16223183,2026
16223060,2025
16222813,2025
16222916,2028
16222682,2028
16222384,2028
16222731,2025
16222419,2021
16222310,2015
16222557,2010
16222007,1999
16222094,1990
16222349,1992
16221877,1986
16221938,1984
16221976,1983
16221697,1983
16221941,1991
16221860,2009
16221530,2021
16221847,2020
16221831,2004
16221620,1994
16222072,1989
16221870,1984
16221779,1977
16222341,1976
16222266,1976
16222398,1978
16222879,1985
16222826,1990
16223265,1990
16223813,1989
16223774,1992
16224556,1993
16225122,2001
16225393,1998
16226395,1992
16227095,1982
16227555,1970
16228713,1965
16229553,1976
16230456,1971
16231941,1966
16232896,1970
16234275,1975
16235823,1980
16236914,1983
16238458,1974
16240081,1968
16241282,1969
16242786,1957
16244530,1966
16245621,1963
16247206,1964
16248801,1972
16249939,1978
16251760,1976
16253136,1968
16254230,1956
16256037,1950
16257255,1943
16258482,1936
16260132,1933
16261061,1929
16262198,1927
16263672,1931
16264573,1932
16265794,1932
16267028,1933
16267786,1936
16269046,1938
16270010,1943
16270709,1940
16271864,1935
16272745,1932
16273451,1931
16274605,1934
16275311,1935
16275885,1934
16276922,1935
16277624,1939
16278227,1941
16279131,1946
16279626,1946
16280357,1943
16281343,1941
16281634,1941
16282439,1945
16283103,1955
16283363,1964
16284200,1973
16284811,1982
16285066,1983
16285981,1978
16286322,1972
16286597,1967
16287531,1969
16287872,1975
16288202,1978
16288928,1983
16289088,1985
16289482,1995
16290358,2013
16290356,2029
16290848,2032
16291438,2021
16291467,1999
16292193,1986
16292584,1985
16292728,1987
16293321,1996
16293560,2010
16293690,2021
16294282,2032
16294556,2043
16294717,2050
16295254,2052
16295476,2050
16295630,2051
16296131,2055
16296148,2055
16296545,2057
16297064,2059
16296919,2058
16297232,2059
16297690,2067
16297647,2075
16298061,2079
16298197,2077
16298115,2083
16298796,2081
16298776,2077
16298646,2080
16299208,2085
16299182,2085
16299101,2087
16299641,2093
16299512,2087
16299507,2088
16299686,2081
16299534,2092
16299677,2088
16299884,2084
16299609,2087
16299759,2091
16300019,2098
16284435,2099
16280601,2091
16279404,2085
16278792,2086
16279030,2075
16278880,2085
16278520,2086
16278855,2088
16278545,2095
16278312,2102
16278559,2107
16278276,2107
16278144,2100
16278243,2095
16277972,2090
16277939,2084
16278141,2077
16277667,2071
16277651,2073
16277767,2087
16277306,2101
16277414,2101
16277343,2096
16277008,2086
16277221,2078
16277093,2077
16276833,2071
16277012,2076
16276607,2078
16276462,2083
16276751,2085
16276296,2085
16276403,2079
16276599,2074
16276282,2074
16276271,2075
16276444,2074
16275958,2071
16276124,2069
16276135,2072
16275942,2074
16276083,2073
16275894,2076
16275619,2074
16276002,2069
16275917,2075
16275694,2078
16276028,2081
16275650,2081
16275552,2075
16275783,2081
16275542,2081
16275556,2077
16275721,2074
16275396,2070
16275556,2061
16275593,2064
16275211,2071
16275448,2080
16275499,2086
16275245,2091
16275497,2091
16275384,2083
16275059,2068
16275421,2059
16275186,2061
16275121,2064
16275324,2066
16275143,2074
16274974,2078
16275304,2075
16274916,2069
16274959,2065
16275167,2068
16274680,2059
16274878,2065
16275007,2077
16274644,2088
16274856,2081
16274763,2071
16274593,2059
16274828,2052
16274685,2051
16274415,2065
16274701,2072
16274404,2064
16274395,2059
16274628,2059
16274229,2064
16274205,2073
16274438,2081
16273928,2076
16274020,2081
16274025,2079
16273611,2089
16273964,2083
16273834,2073
16273417,2061
16273681,2061
16273627,2066
16273322,2069
16273491,2070
16273262,2074
16273048,2080
16273340,2078
16272942,2087
16272867,2081
16273103,2073
16272745,2065
16272770,2063
16272979,2062
16272438,2066
16272504,2071
16272662,2075
16272205,2072
16272420,2065
16272277,2056
16271846,2046
16272133,2041
16271891,2038
16271637,2036
16271864,2037
16271605,2041
16271301,2046
16271592,2055
16271141,2058
16270990,2058
16271172,2064
16270678,2067
16270658,2066
16270698,2059
16270288,2046
16270367,2043
16270239,2040
16269800,2034
16269879,2034
16269863,2035
16269340,2037
16269602,2040
16269321,2046
16268978,2052
16269127,2058
16268657,2069
16268393,2077
16268520,2086
16268173,2087
16268105,2084
16268107,2083
16267511,2080
16267511,2077
16267491,2078
16267075,2075
16267003,2079
16266896,2082
16266465,2078
16266718,2074
16266299,2076
16265998,2078
16266119,2072
16265766,2063
16265457,2062
16265508,2067
16265180,2066
16264995,2064
16265111,2075
16264590,2083
16264552,2089
16264655,2085
16263942,2074
16264012,2061
16263917,2057
16263435,2057
16263511,2063
16263291,2072
16262950,2067
16263095,2073
16262826,2077
16262429,2077
16262476,2070
16262205,2059
16261896,2046
16262104,2040
16261594,2044
16261434,2050
16261512,2065
16260906,2066
16260976,2073
16260779,2081
16260253,2085
16260428,2082
16260315,2076
16259780,2073
16259860,2073
16259581,2078
16259204,2101
16259327,2107
16259025,2086
16258684,2051
16258680,2004
16258256,1947
16258038,1894
16258218,1858
16257690,1826
16257589,1804
16257553,1767
16257189,1756
16257083,1733
16257083,1731
16256496,1729
16256549,1729
16256244,1737
16255898,1747
16256044,1765
16255619,1795
16255390,1839
16255429,1891
16255117,1950
16254813,2001
16254970,2049
16254488,2091
16254325,2126
16254341,2155
16253845,2182
16253727,2200
16253825,2219
16253252,2231
16253272,2248
16253203,2253
16252589,2251
16252625,2264
16252511,2283
16252085,2292
16252322,2303
16251805,2316
16251504,2327
16251605,2339
16251132,2347
16250837,2349
16251125,2349
16250447,2344
16250281,2335
16250254,2337
16249807,2335
16249687,2333
16249571,2330
16249107,2319
16249265,2313
16248851,2306
16248476,2286
16248686,2257
16248295,2231
16247869,2203
16247922,2176
16247545,2154
16247224,2130
16247178,2109
16246667,2095
16246545,2079
16246578,2063
16246059,2043
16245975,2027
16245862,2017
16245313,2012
16245235,2012
16245128,2013
16244602,2011
16244496,2014
16244264,2017
16243791,2014
16243876,2005
16243497,1994
16243070,1993
16243198,1996
16242749,1999
16242485,1997
16242506,2004
16241964,2003
16241814,2003
16241711,2004
16241263,2007
16241121,2010
16240901,2010
16240334,2008
16240525,2016
16240246,2019
16239648,2007
16239728,1999
16239347,1997
16238914,2008
16239010,2020
16238613,2019
16238222,2011
16238354,2004
16237779,2000
16237572,2013
16237605,2009
16237039,1998
16236934,1996
16236730,1998
16236267,2002
16236226,2007
16236166,2010
16235541,2000
16235610,1995
16235335,1982
16234996,1988
16235096,1988
16234734,1991
16234257,1989
16234393,1993
16234050,1995
16233730,2001
16233779,2008
16233428,2015
16233367,2016
16233481,2010
16233064,2002
16233102,1997
16233246,1998
16232846,1994
16233133,1989
16233118,1983
16232900,1984
16233141,1980
16233227,1979
16233128,1984
16233779,1992
16233632,1989
16233874,1981
16234599,1973
16234775,1967
16235151,1963
16235877,1964
16236171,1975
16236846,1979
16237699,1977
16238114,1968
16238961,1966
16239862,1968
16240390,1976
16241558,1984
16242445,1987
16243103,1975
16244417,1964
16245195,1957
16245983,1949
16247401,1943
16248133,1936
16249098,1927
16250412,1927
16251119,1931
16252068,1936
16253349,1955
16253981,1975
16255059,1988
16256283,1987
16256724,1976
16257936,1963
16258775,1951
16259454,1941
16260697,1932
16261246,1927
16261899,1922
16262979,1925
16263549,1929
16264188,1932
16265235,1938
16265615,1939
16266162,1933
16267226,1937
16267592,1932
16268279,1928
16269061,1927
16269413,1932
16270098,1932
16270721,1933
16271089,1933
16271829,1946
16272297,1956
16272616,1955
16273278,1959
16273656,1968
16273905,1980
16274694,1997
16274970,1993
16275286,1974
16275988,1975
16276162,1984
16276584,1992
16277126,1995
16277192,1993
16277679,1986
16278116,1992
16278180,1992
16278886,2013
16279159,2016
16279164,2006
16279758,2011
16279990,2016
16280063,2029
16280759,2034
16280818,2032
16280949,2041
16281478,2067
16281438,2073
16281710,2091
16282257,2087
16282146,2077
16282451,2065
16282964,2063
16282770,2062
16283228,2063
16283577,2067
16283428,2074
16283891,2081
16284011,2078
16283896,2068
16284402,2064
16284425,2071
16284511,2080
16284889,2094
16284773,2107
16284698,2115
16285204,2120
16284850,2123
16285193,2121
16285315,2119
16285127,2104
16285297,2088
16285357,2079
16285103,2073
16285367,2076
16285286,2072
16285139,2071
16285381,2077
16285206,2091
16285070,2098
16285346,2105
16285081,2108
16284846,2107
16285138,2106
16284743,2104
16284680,2102
16284790,2098
16284412,2097
16284395,2096
16284545,2098
16283974,2094
16284130,2087
16284151,2077
16283689,2078
16283824,2089
16283736,2103
16283386,2101
16283518,2090
16283336,2081
16283075,2076
16283271,2077
16282865,2081
16282781,2076
16282978,2078
16282642,2081
16282502,2075
16282634,2068
16282364,2062
16282319,2061
16282330,2066
16282013,2070
16282106,2072
16282186,2079
16281785,2080
16281918,2076
16281665,2074
16281521,2067
16281735,2065
16281480,2059
16281346,2046
16281491,2040
16281161,2035
16281071,2035
16281359,2047
16280909,2061
16281009,2070
16281128,2081
16280792,2090
16280794,2099
16280868,2093
16280557,2077
16280645,2076
16280517,2069
16280246,2070
16280488,2073
16280261,2070
16280018,2064
16280243,2060
16280083,2050
16279943,2065
16280085,2069
16279690,2067
16279754,2069
16279935,2075
16279479,2071
16279566,2066
16279663,2061
16279124,2057
16279386,2065
16279220,2059
16278909,2074
16279090,2070
16278889,2068
16278524,2061
16278850,2068
16278518,2073
16278268,2074
16278534,2073
16278157,2066
16278098,2063
16278179,2065
16277784,2068
16277749,2066
16277839,2061
16277396,2058
16277535,2059
16277437,2063
16277141,2063
16277280,2060
16277084,2058
16276810,2061
16276979,2070
16276717,2077
16276464,2083
16276555,2088
16276288,2090
16276023,2087
16276248,2078
16275820,2061
16275818,2046
16275921,2048
16275436,2057
16275497,2062
16275507,2071
16275134,2077
16275208,2080
16275120,2078
16274668,2070
16274886,2065
16274614,2062
16274249,2055
16274369,2055
16274125,2056
16273820,2057
16274027,2061
16273553,2061
16273377,2060
16273543,2057
16273109,2058
16273071,2059
16273075,2060
16272548,2059
16272570,2056
16272639,2054
16272160,2057
16272184,2058
16271976,2054
16271605,2057
16271864,2059
16271595,2060
16271187,2057
16271295,2057
16270940,2061
16270664,2065
16270713,2071
16270298,2067
16270271,2065
16270269,2058
16269811,2051
16269664,2049
16269803,2057
16269240,2052
16269311,2057
16269225,2064
16268755,2063
16268812,2058
16268690,2059
16268116,2061
16268357,2059
16268036,2063
16267652,2067
16267735,2074
16267335,2067
16267185,2056
16267195,2059
16266742,2056
16266660,2043
16266648,2057
16266226,2059
16266200,2054
16266073,2053
16265584,2046
16265712,2040
16265527,2038
16265098,2039
16265281,2034
16264918,2040
16264536,2039
16264748,2065
16264274,2079
16263998,2089
16264144,2094
16263688,2085
16263497,2066
16263579,2050
16263147,2037
16263069,2037
16263085,2053
16262458,2060
16262514,2059
16262381,2062
16261887,2065
16261959,2061
16261792,2057
16261281,2054
16261387,2055
16261134,2055
16260820,2048
16260876,2049
16260434,2056
16260208,2066
16260346,2074
16259765,2071
16259637,2063
16259805,2061
16259198,2053
16259208,2044
16259121,2037
16258620,2035
16258662,2033
16258457,2030
16257866,2035
16258091,2044
16257734,2057
16257329,2066
16257504,2077
16257104,2073
16256787,2063
16257008,2065
16256495,2059
16256353,2053
16256279,2043
16255774,2039
16255742,2034
16255739,2034
16255038,2039
16254984,2042
16255030,2048
16254465,2053
16254517,2057
16254335,2056
16253806,2058
16253861,2059
16253638,2063
16253258,2063
16253332,2065
16252710,2055
16252670,2046
16252702,2047
16252120,2053
16252058,2058
16252057,2064
16251439,2065
16251464,2058
16251420,2047
16250772,2032
16250727,2021
16250567,2016
16250146,2024
16250193,2034
16249859,2047
16249428,2050
16249575,2048
16249129,2035
16248817,2021
16248845,2017
16248365,2030
16248059,2036
16248224,2039
16247674,2043
16247518,2045
16247429,2047
16246933,2045
16246948,2042
16246734,2042
16246265,2048
16246142,2045
16245988,2058
16245595,2050
16245635,2038
16245252,2040
16244826,2041
16244960,2045
16244443,2045
16244212,2046
16244143,2040
16243667,2040
16243586,2044
16243555,2054
16243053,2049
16242893,2049
16242655,2041
16242180,2054
16242402,2054
16242046,2057
16241556,2056
16241581,2057
16241215,2053
16240840,2041
16240956,2038
16240487,2034
16240190,2036
16240288,2043
16239851,2057
16239480,2067
16239606,2067
16238895,2052
16238879,2037
16238760,2029
16238293,2022
16238175,2017
16238088,2020
16237526,2024
16237462,2028
16237322,2031
16236790,2031
16236896,2033
16236394,2047
16236210,2050
16236227,2040
16235761,2031
16235435,2023
16235554,2026
16234987,2027
16234773,2024
16234789,2019
16234259,2024
16234124,2039
16234096,2046
16233434,2045
16233472,2044
16233262,2046
16232798,2049
16232970,2056
16232514,2053
16232133,2046
16232181,2041
16231807,2042
16231397,2043
16231534,2047
16230943,2043
16230753,2035
16230739,2036
16230257,2040
16230245,2048
16230071,2057
16229514,2061
16229533,2064
16229242,2064
16228830,2067
16228862,2060
16228484,2054
16228137,2040
16228133,2036
16227798,2037
16227446,2039
16227502,2039
16227085,2031
16226857,2041
16226844,2052
16226238,2058
16226338,2059
16226112,2066
16225683,2068
16225730,2076
16225404,2078
16224934,2068
16225050,2060
16224617,2054
16224336,2046
16224481,2045
16223904,2045
16223749,2041
16223671,2048
16223261,2049
16223277,2041
16223092,2043
16222533,2044
16222645,2041
16222421,2042
16222105,2041
16222158,2043
16221727,2065
16221439,2070
16221444,2075
16221041,2072
16220821,2063
16220939,2051
16220377,2032
16220437,2007
16220289,1976
16219774,1926
16220002,1873
16219587,1827
16219276,1777
16219426,1742
16218989,1723
16218775,1709
16218793,1705
16218424,1709
16218380,1716
16218304,1725
16217808,1738
16217873,1759
16217772,1785
16217184,1817
16217326,1852
16216995,1899
16216786,1955
16216852,2012
16216414,2067
16216263,2112
16216381,2150
16215955,2175
16215903,2195
16215820,2218
16215296,2241
16215534,2260
16215308,2267
16214952,2266
16215162,2264
16214779,2268
16214455,2275
16214677,2288
16214210,2300
16214122,2313
16214036,2330
16213689,2343
16213639,2346
16213716,2345
16213299,2333
16213307,2325
16213091,2322
16212817,2312
16212877,2309
16212602,2306
16212308,2301
16212520,2299
16212064,2288
16212053,2273
16211987,2251
16211604,2220
16211695,2184
16211600,2147
16211155,2109
16211429,2079
16210992,2055
16210756,2034
16210922,2022
16210641,2019
16210458,2023
16210614,2026
16210086,2025
16210106,2023
16210261,2018
16209759,2013
16209742,2005
16209660,1998
16209308,1995
16209522,1999
16209222,2014
16209063,2026
16209098,2038
16208785,2038
16208633,2027
16208836,2014
16208385,2014
16208372,2014
16208339,2008
16207892,2013
16208096,2017
16207908,2017
16207711,2017
16207772,2017
16207512,2017
16207382,2008
16207571,1995
16207159,1999
16207189,1999
16207179,2002
16206755,2008
16206940,2011
16206791,2016
16206477,2016
16206661,2011
16206430,1999
16206155,1998
16206383,1984
16206053,1991
16205975,1982
16206159,1979
16205622,1977
16205682,1979
16205772,1987
16205478,2000
16205636,2011
16205590,2017
16205258,2021
16205574,2029
16205297,2034
16205115,2030
16205291,2025
16205116,2014
16205103,2006
16205322,2003
16205083,1996
16205275,1991
16205394,1991
16205346,1991
16205617,1996
16205800,1997
16205726,1999
16206281,1999
16206436,1990
16206741,1982
16207393,1984
16207720,1985
16208266,1986
16209062,1990
16209386,1988
16210247,1989
16211089,1989
16211739,1987
16212947,1981
16213881,1983
16214896,1983
16216403,1990
16217633,1984
16219197,1980
16220756,1978
16221835,1969
16223537,1961
16225005,1955
16226280,1957
16228233,1967
16229450,1980
16230857,1976
16232646,1973
16233944,1965
16235400,1954
16237138,1947
16238347,1943
16239876,1938
16241448,1941
16242635,1942
16244204,1939
16245473,1935
16246510,1929
16247896,1923
16249030,1918
16250142,1917
16251527,1923
16252183,1935
16253452,1941
16254725,1945
16255369,1948
16256483,1942
16257591,1932
16258278,1928
16259452,1926
16260137,1927
16260760,1930
16261884,1939
16262525,1942
16263223,1941
16264215,1947
16264617,1965
16265505,1967
16266293,1953
16266624,1948
16267543,1948
16268191,1949
16268513,1953
16269467,1952
16269892,1955
16270421,1945
16271225,1938
16271485,1953
16272260,1956
16272929,1958
16273158,1969
16273715,1974
16274295,1975
16274485,1976
16275194,1972
16275560,1977
16275894,1981
16276528,1987
16276795,2014
16277114,2019
16277868,2023
16277881,2021
16278372,2019
16278931,2015
16278995,2012
16279605,2013
16279987,2021
16280027,2029
16280724,2036
16280867,2039
16281102,2044
16281584,2057
16281681,2066
16281935,2070
16282448,2076
16282419,2081
16282699,2078
16283182,2074
16283086,2067
16283630,2063
16283877,2063
16283868,2059
16284318,2061
16284390,2059
16284496,2065
16284961,2074
16284715,2085
16284972,2089
16285307,2096
16285168,2104
16285424,2111
16285503,2117
16285378,2121
16285677,2114
16285703,2103
16285511,2085
16285830,2078
16285610,2074
16285694,2071
16285924,2075
16285567,2079
16285800,2080
16285769,2084
16285409,2087
16285716,2092
16285556,2099
16285275,2101
16285655,2103
16285352,2095
16285201,2091
16285386,2094
16284886,2100
16284854,2095
16285007,2094
16284695,2097
16284820,2107
16284760,2113
16284382,2101
16284550,2089
16284395,2076
16284218,2063
16284399,2058
16284006,2056
16283869,2059
16284151,2066
16283769,2073
16283796,2075
16283783,2069
16283520,2073
16283699,2075
16283417,2077
16283211,2073
16283484,2077
16283261,2073
16283074,2063
16283383,2066
16282956,2075
16283042,2070
16283242,2082
16282848,2073
16282901,2074
16282847,2079
16282558,2083
16282860,2084
16282694,2093
16282508,2083
16282788,2074
16282481,2068
16282380,2057
16282690,2064
16282227,2049
16282344,2043
16282406,2047
16282103,2053
16282336,2059
16282332,2064
16281897,2064
16282089,2076
16281878,2086
16281822,2084
16282094,2091
16281633,2093
16281711,2088
16281864,2087
16281466,2081
16281593,2079
16281549,2082
16281176,2089
16281405,2095
16281287,2093
16281023,2087
16281300,2080
16280945,2079
16280935,2079
16281117,2082
16280577,2082
16280718,2077
16280841,2080
16280321,2081
16280542,2078
16280385,2071
16280099,2056
16280392,2040
16280114,2032
16279943,2035
16280226,2049
16279758,2067
16279722,2083
16279772,2092
16279439,2086
16279633,2083
16279487,2081
16279144,2077
16279285,2078
16279147,2076
16278859,2072
16278969,2075
16278738,2081
16278546,2085
16278772,2081
16278283,2071
16278252,2062
16278307,2059
16277886,2053
16278129,2054
16278003,2055
16277527,2058
16277776,2068
16277478,2075
16277290,2077
16277453,2080
16277071,2081
16277041,2086
16277076,2086
16276701,2078
16276760,2069
16276663,2067
16276237,2063
16276330,2065
16276228,2069
16275808,2070
16276000,2074
16275629,2074
16275508,2071
16275610,2067
16275097,2061
16275011,2053
16275158,2042
16274724,2034
16274788,2028
16274629,2026
16274213,2018
16274308,2018
16274158,2024
16273846,2033
16273896,2046
16273401,2053
16273300,2052
16273409,2045
16272856,2044
16273026,2046
16272821,2053
16272551,2058
16272524,2061
16272367,2063
16272061,2060
16272162,2051
16271836,2061
16271648,2056
16271735,2041
16271224,2035
16271068,2030
16271206,2032
16270735,2037
16270834,2044
16270684,2060
16270157,2079
16270410,2078
16269988,2097
16269827,2095
16269900,2090
16269449,2084
16269287,2071
16269421,2062
16268834,2053
16268906,2048
16268896,2048
16268342,2052
16268437,2061
16268318,2069
16267878,2073
16267941,2075
16267665,2075
16267263,2074
16267436,2072
16267065,2067
16266855,2067
16266901,2068
16266408,2078
16266559,2089
16266307,2093
16265851,2087
16265907,2074
16265742,2060
16265451,2050
16265452,2046
16265084,2046
16264923,2044
16264960,2050
16264467,2050
16264378,2054
16264456,2062
16263929,2069
16264072,2069
16263796,2074
16263423,2078
16263519,2080
16263123,2078
16262810,2068
16262923,2065
16262477,2063
16262357,2060
16262432,2057
16261890,2057
16261917,2053
16261748,2038
16261297,2012
16261480,1977
16261232,1943
16260842,1904
16261029,1871
16260416,1839
16260261,1797
16260338,1766
16259917,1741
16259826,1723
16259801,1716
16259268,1710
16259367,1713
16259246,1727
16258875,1752
16258835,1781
16258506,1818
16258231,1856
16258445,1907
16257992,1964
16257713,2017
16257798,2063
16257294,2107
16257212,2144
16257240,2170
16256655,2183
16256806,2199
16256487,2215
16256127,2231
16256316,2256
16255864,2285
16255588,2302
16255668,2298
16255210,2294
16255062,2290
16255039,2295
16254523,2300
16254625,2309
16254349,2322
16254016,2328
16254063,2329
16253649,2343
16253324,2343
16253524,2337
16252983,2340
16252711,2339
16252822,2329
16252352,2303
16252251,2283
16252204,2270
16251554,2264
16251678,2243
16251362,2234
16250953,2204
16251177,2175
16250704,2151
16250344,2129
16250412,2109
16249897,2090
16249753,2077
16249719,2066
16249204,2050
16249284,2032
16249049,2020
16248552,2005
16248687,2001
16248342,2004
16247837,2011
16247924,2011
16247527,2011
16247258,2012
16247238,2016
16246853,2016
16246739,2011
16246542,2009
16246037,2012
16246004,2018
16245744,2010
16245325,2004
16245466,1993
16244885,1989
16244577,1983
16244670,1988
16244297,1989
16244039,1988
16243986,1988
16243509,1986
16243395,1989
16243258,1994
16242622,2000
16242762,2004
16242356,2012
16241990,2015
16242074,2019
16241700,2024
16241391,2024
16241403,2026
16240890,2020
16240735,2020
16240741,2018
16240073,2001
16240053,1990
16239859,1993
16239480,1998
16239569,2007
16239178,2009
16238791,2006
16238835,2001
16238474,1989
16238396,1982
16238282,1980
16237683,1978
16237715,1987
16237688,1997
16237209,1991
16237392,1990
16237091,1993
16236834,1997
16237118,1996
16236646,1989
16236559,1983
16236859,1975
16236578,1975
16236551,1976
16236935,1971
16236626,1966
16236811,1967
16237009,1979
16237099,1993
16237624,1997
16237742,1994
16237911,1989
16238753,1974
16238988,1968
16239484,1963
16240354,1963
16240600,1961
16241354,1964
16242200,1974
16242638,1974
16243696,1974
16244449,1988
16245200,1989
16246515,1982
16247223,1972
16248051,1957
16249393,1947
16250133,1944
16251152,1939
16252367,1937
16253009,1941
16254322,1935
16255474,1951
16256073,1951
16257451,1944
16258330,1937
16258988,1932
16260335,1930
16260972,1925
16261888,1926
16263101,1934
16263533,1938
16264506,1941
16265456,1945
16265891,1949
16266976,1943
16267796,1943
16268256,1938
16269297,1939
16269825,1948
16270350,1948
16271348,1948
16271755,1940
16272409,1934
16273310,1935
16273576,1940
16274402,1940
16275032,1943
16275239,1945
16276056,1956
16276479,1968
16276824,1970
16277538,1969
16277798,1963
16278362,1958
16278909,1960
16279120,1960
16279632,1969
16280224,1987
16280345,1989
16280873,1987
16281272,1985
16281533,1983
16282035,1986
16282411,1984
16282440,1984
16283157,1993
16283212,1997
16283594,2010
16284046,2024
16284007,2025
16284458,2027
16285036,2032
16284929,2039
16285380,2047
16285678,2054
16285633,2051
16286289,2046
16286338,2051
16286506,2051
16286983,2060
16286885,2070
16287117,2069
16287601,2071
16287571,2070
16287787,2069
16288061,2069
16287996,2074
16288442,2086
16288487,2094
16288556,2092
16288904,2081
16288799,2075
16288875,2075
16289356,2076
16289044,2079
16289244,2082
16289545,2088
16289336,2090
16289545,2091
16289573,2091
16289327,2086
16289611,2083
16289582,2088
16289394,2096
16289736,2107
16289422,2113
16289347,2106
16289654,2100
16289222,2094
16289252,2090
16289308,2104
16288854,2103
16289098,2095
16288949,2095
16288621,2098
16288778,2103
16288422,2109
16288236,2105
16288452,2100
16287994,2103
16287940,2091
16288029,2100
16287504,2094
16287715,2091
16287596,2090
16287101,2080
16287415,2076
16287172,2076
16286860,2076
16286925,2078
16286645,2078
16286432,2081
16286725,2091
16286160,2097
16286168,2099
16286139,2094
16285722,2089
16285941,2080
16285822,2078
16285392,2081
16285653,2085
16285443,2084
16285197,2078
16285415,2070
16285118,2063
16284893,2054
16285091,2059
16284692,2063
16284800,2075
16284864,2081
16284365,2081
16284586,2079
16284539,2074
16284252,2063
16284398,2056
16284081,2060
16284009,2071
16284169,2078
16283727,2070
16283840,2068
16283845,2069
16283600,2070
16283710,2072
16283596,2075
16283345,2078
16283458,2082
16283264,2083
16283102,2077
16283387,2069
16282932,2063
16282831,2063
16282945,2073
16282619,2078
16282685,2077
16282770,2080
16282383,2081
16282571,2079
16282371,2079
16281984,2077
16282269,2072
16282083,2069
16281734,2059
16282008,2058
16281740,2065
16281523,2068
16281670,2073
16281208,2067
16281306,2060
16281294,2054
16280986,2055
16281087,2054
16280887,2067
16280596,2072
16280815,2078
16280543,2073
16280296,2073
16280401,2069
16280067,2066
16280022,2069
16280106,2081
16279647,2078
16279697,2067
16279669,2067
16279279,2061
16279388,2061
16279098,2064
16278808,2069
16279047,2075
16278564,2073
16278490,2066
16278589,2063
16278151,2058
16278162,2061
16278170,2065
16277700,2069
16277789,2061
16277694,2066
16277359,2065
16277432,2060
16277153,2064
16276829,2069
16277050,2075
16276654,2079
16276471,2078
16276502,2075
16276004,2074
16276030,2054
16275966,2061
16275646,2055
16275679,2052
16275479,2053
16275140,2055
16275321,2059
16274885,2059
16274639,2058
16274750,2063
16274260,2069
16274280,2071
16274279,2070
16273748,2067
16273735,2065
16273613,2072
16273211,2075
16273387,2074
16273072,2068
16272837,2055
16272825,2042
16272393,2041
16272217,2039
16272358,2053
16271805,2065
16271859,2074
16271758,2075
16271293,2071
16271416,2067
16271157,2065
16270855,2059
16270999,2061
16270482,2061
16270296,2061
16270323,2067
16269888,2076
16269780,2083
16269818,2084
16269243,2080
16269326,2071
16269263,2063
16268748,2054
16268821,2054
16268476,2057
16268207,2054
16268349,2055
16267864,2053
16267673,2047
16267691,2053
16267160,2056
16267068,2059
16267187,2058
16266686,2055
16266777,2057
16266493,2063
16266164,2073
16266274,2076
16265926,2068
16265658,2057
16265767,2053
16265201,2052
16265134,2055
16265161,2059
16264659,2061
16264579,2050
16264503,2045
16264025,2042
16264103,2047
16263808,2053
16263418,2059
16263544,2071
16263168,2082
16262912,2083
16262946,2092
16262488,2085
16262401,2063
16262406,2044
16261875,2034
16261845,2031
16261742,2034
16261219,2040
16261359,2045
16261047,2042
16260608,2032
16260619,2048
16260245,2049
16260160,2036
16260091,2035
16259788,2032
16259509,2038
16259416,2047
16259066,2051
16258989,2057
16258704,2069
16258312,2068
16258434,2082
16258040,2080
16257761,2070
16257855,2065
16257341,2058
16257178,2062
16257221,2066
16256636,2065
16256652,2057
16256518,2049
16256091,2041
16256030,2036
16255727,2034
16255361,2044
16255453,2060
16255061,2064
16254809,2059
16254853,2054
16254293,2045
16254239,2039
16254127,2039
16253713,2034
16253595,2030
16253431,2032
16252899,2037
16252922,2039
16252604,2043
16252255,2045
16252440,2053
16251828,2056
16251698,2057
16251642,2058
16251089,2054
16250990,2050
16250980,2044
16250447,2040
16250441,2042
16250189,2043
16249784,2040
16249776,2044
16249377,2047
16249083,2045
16249148,2050
16248566,2048
16248430,2050
16248388,2053
16247880,2049
16247767,2045
16247694,2045
16247134,2039
16247214,2041
16246818,2040
16246503,2037
16246591,2032
16246028,2025
16245795,2026
16245772,2035
16245268,2039
16245151,2043
16245011,2046
16244605,2041
16244614,2035
16244319,2033
16243834,2031
16243850,2030
16243388,2035
16243050,2032
16243186,2030
16242770,2023
16242363,2021
16242506,2030
16241896,2043
16241893,2049
16241730,2043
16241102,2038
16241155,2034
16240935,2034
16240506,2034
16240549,2047
16240037,2047
16239941,2027
16239790,2025
16239303,2023
16239165,2023
16239115,2027
16238549,2021
16238493,2021
16238198,2018
16237822,2011
16237849,2030
16237555,2042
16237131,2041
16237237,2046
16236739,2046
16236333,2046
16236410,2047
16235903,2048
16235825,2049
16235800,2059
16235099,2054
16235150,2074
16235005,2075
16234525,2068
16234552,2057
16234119,2055
16233667,2056
16233681,2062
16233208,2060
16233139,2053
16233029,2047
16232484,2040
16232432,2040
16232283,2043
16231827,2041
16231779,2046
16231444,2060
16231049,2067
16231097,2070
16230707,2069
16230444,2065
16230532,2060
16229922,2054
16229810,2055
16229937,2053
16229187,2039
16229162,2037
16229067,2045
16228580,2052
16228689,2057
16228277,2056
16227950,2054
16227908,2059
16227529,2059
16227251,2059
16227222,2061
16226719,2059
16226655,2059
16226633,2063
16226080,2063
16226100,2063
16225922,2062
16225459,2059
16225461,2049
16225016,2029
16224783,2012
16224983,1989
16224493,1961
16224281,1925
16224278,1885
16223804,1843
16223713,1803
16223617,1768
16223125,1741
16223198,1721
16222860,1711
16222467,1709
16222664,1718
16222387,1728
16221922,1734
16222009,1751
16221652,1783
16221479,1826
16221535,1871
16220966,1909
16220942,1957
16220943,2008
16220388,2051
16220531,2090
16220279,2127
16219780,2157
16220063,2191
16219559,2213
16219457,2218
16219570,2224
16219014,2229
16218847,2229
16218892,2235
16218360,2244
16218467,2263
16218411,2272
16217913,2272
16218002,2286
16217839,2308
16217476,2322
16217450,2330
16217161,2330
16217055,2321
16217074,2320
16216632,2307
16216528,2312
16216695,2306
16216065,2290
16216237,2285
16216033,2277
16215635,2276
16215780,2271
16215549,2261
16215171,2241
16215369,2215
16214981,2170
16214732,2142
16214944,2101
16214439,2079
16214433,2061
16214399,2056
16213988,2052
16214061,2045
16213974,2037
16213662,2038
16213685,2046
16213459,2048
16213191,2043
16213388,2038
16212989,2025
16212806,2002
16212989,1997
16212506,2002
16212499,2011
16212504,2015
16212107,2018
16212261,2021
16212072,2013
16211627,1991
16211894,1976
16211562,1973
16211351,1985
16211608,2005
16211106,2021
16211139,2030
16211230,2030
16210777,2025
16210831,2015
16210792,2007
16210310,1999
16210577,1994
16210364,1995
16210050,2001
16210360,2009
16209986,2017
16209709,2019
16209944,2019
16209528,2016
16209595,2018
16209553,2018
16209183,2014
16209279,2010
16209192,2005
16208871,2002
16208963,2005
16208876,2005
16208642,1999
16208939,1995
16208486,1995
16208437,2000
16208645,2008
16208261,2016
16208337,2015
16208477,2009
16208149,2001
16208369,1996
16208261,1994
16208037,1992
16208354,1991
16208272,1989
16208045,1987
16208524,1989
16208490,1993
16208581,1997
16209038,2000
16208939,2000
16209322,2006
16209814,2009
16209789,2010
16210480,2000
16210906,1983
16211248,1966
16212102,1961
16212579,1962
16213198,1975
16214318,1983
16214928,1976
16215825,1969
16217300,1964
16218128,1961
16219432,1964
16220962,1967
16221989,1972
16223685,1979
16225107,1981
16226254,1994
16227946,1990
16229425,1973
16230778,1971
16232464,1966
16233675,1961
16235171,1949
16236810,1941
16237907,1936
16239547,1945
16241111,1948
16242233,1965
16243939,1966
16245269,1958
16246350,1946
16247871,1937
16248873,1937
16249973,1933
16251531,1926
16252305,1915
16253462,1916
16254699,1923
16255508,1933
16256729,1941
16257711,1944
16258250,1945
16259643,1945
16260289,1947
16261120,1946
16262108,1949
16262745,1950
16263520,1945
16264577,1943
16264986,1941
16265940,1939
16266703,1941
16267012,1940
16267987,1944
16268741,1944
16268994,1940
16270029,1946
16270333,1949
16270969,1947
16271825,1946
16272188,1950
16272639,1956
16273484,1962
16273639,1967
16274356,1972
16275012,1978
16275230,1977
16275925,1974
16276246,1972
16276592,1974
16277363,1984
16277507,1993
16277831,1996
16278549,2001
16278815,2014
16279055,2030
16279648,2047
16279659,2049
16280369,2043
16280832,2040
16280793,2033
16281359,2032
16281596,2036
16281806,2040
16282444,2039
16282403,2035
16282640,2030
16283166,2035
16283183,2057
16283533,2073
16284009,2078
16283908,2075
16284248,2076
16284590,2082
16284529,2081
16284924,2083
16285018,2079
16285113,2080
16285587,2085
16285348,2081
16285514,2072
16285942,2067
16285659,2066
16285894,2069
16286107,2079
16285828,2090
16286085,2097
16286072,2094
16285921,2098
16286272,2101
16286165,2101
16285991,2099
16286200,2098
16286097,2104
16285910,2098
16286132,2093
16285643,2104
16285923,2102
16285974,2089
16285556,2086
16285817,2089
16285633,2102
16285311,2109
16285572,2114
16285218,2098
16285130,2091
16285294,2078
16284872,2091
16284834,2095
16285043,2091
16284586,2091
16284648,2089
16284699,2097
16284381,2098
16284477,2095
16284421,2090
16284057,2079
16284237,2075
16283992,2067
16283833,2066
16284037,2072
16283697,2072
16283763,2068
16283811,2065
16283489,2067
16283685,2070
16283647,2079
16283210,2082
16283493,2079
16283356,2079
16283085,2076
16283269,2075
16282894,2074
16282884,2075
16283144,2073
16282709,2067
16282852,2067
16282970,2070
16282612,2067
16282842,2063
16282782,2059
16282471,2059
16282693,2065
16282566,2068
16282385,2071
16282571,2077
16282240,2078
16282188,2070
16282537,2063
16282139,2057
16282326,2056
16282341,2061
16281944,2065
16282156,2069
16282057,2076
16281736,2075
16282002,2077
16281830,2078
16281624,2076
16281880,2081
16281531,2081
16281454,2070
16281610,2062
16281209,2061
16281263,2063
16281346,2068
16280950,2073
16281103,2078
16280944,2082
16280816,2083
16281029,2081
16280629,2080
16280454,2081
16280747,2083
16280358,2077
16280323,2070
16280411,2061
16280071,2052
16280144,2055
16280197,2062
16279718,2068
16279927,2067
16279773,2068
16279417,2063
16279681,2066
16279413,2077
16279215,2075
16279287,2065
16279004,2061
16278908,2059
16278948,2066
16278597,2074
16278648,2075
16278653,2082
16278176,2075
16278354,2080
16278249,2084
16277937,2077
16278096,2065
16277814,2066
16277673,2067
16277795,2072
16277291,2074
16277330,2077
16277377,2074
16276997,2076
16277113,2086
16276801,2091
16276544,2095
16276729,2093
16276461,2089
16276116,2084
16276321,2093
16275824,2097
16275892,2097
16275991,2097
16275424,2097
16275460,2095
16275443,2091
16275010,2082
16275159,2074
16274996,2068
16274631,2065
16274871,2062
16274461,2060
16274168,2059
16274261,2063
16273897,2065
16273803,2064
16273902,2067
16273447,2069
16273448,2060
16273391,2062
16272913,2058
16273037,2055
16272805,2053
16272400,2041
16272479,2034
16272244,2028
16272010,2021
16272180,2020
16271603,2027
16271484,2037
16271535,2054
16271098,2062
16271219,2057
16271065,2053
16270546,2047
16270761,2037
16270524,2029
16270122,2020
16270313,2020
16269909,2027
16269677,2030
16269802,2032
16269419,2029
16269234,2031
16269310,2033
16268790,2036
16268771,2049
16268760,2069
16268190,2086
16268413,2103
16268205,2110
16267780,2102
16268034,2093
16267546,2084
16267336,2080
16267567,2077
16267018,2071
16267000,2061
16266940,2056
16266485,2046
16266538,2046
16266450,2052
16265961,2052
16266106,2043
16265839,2040
16265471,2041
16265796,2055
16265326,2066
16264995,2071
16265174,2078
16264731,2071
16264644,2063
16264659,2062
16264083,2060
16264321,2051
16264178,2053
16263549,2058
16263826,2061
16263525,2059
16263209,2052
16263362,2039
16262842,2043
16262660,2035
16262696,2032
16262309,2035
16262291,2048
16262190,2062
16261787,2066
16261844,2067
16261595,2078
16261284,2080
16261304,2071
16261102,2067
16260749,2067
16260870,2067
16260396,2063
16260296,2065
16260387,2078
16259816,2082
16259714,2074
16259758,2068
16259190,2051
16259296,2040
16259048,2022
16258689,1995
16258748,1964
16258515,1923
16258236,1880
16258348,1837
16257835,1806
16257702,1780
16257799,1754
16257291,1730
16257271,1716
16257126,1716
16256689,1715
16256766,1728
16256477,1749
16256079,1774
16256131,1810
16255775,1849
16255554,1890
16255554,1934
16255081,1975
16255101,2016
16255134,2057
16254602,2091
16254564,2123
16254359,2161
16253878,2193
16253972,2222
16253655,2244
16253389,2249
16253503,2254
16252987,2259
16252835,2270
16252812,2286
16252415,2299
16252245,2302
16252209,2309
16251702,2320
16251579,2332
16251536,2342
16251048,2343
16251112,2339
16250729,2335
16250519,2331
16250585,2331
16250113,2327
16249789,2321
16249890,2312
16249365,2298
16249273,2287
16249157,2277
16248584,2257
16248585,2235
16248578,2211
16247983,2181
16248111,2154
16247700,2127
16247370,2101
16247543,2081
16246924,2066
16246591,2043
16246601,2032
16246308,2019
16246113,2007
16246109,2009
16245485,2020
16245478,2024
16245262,2019
16244774,2014
16244784,2024
16244479,2026
16244033,2018
16244200,2020
16243740,2016
16243373,2009
16243386,2008
16242963,2003
16242752,1995
16242708,2000
16242145,1999
16242115,2016
16241874,2017
16241508,2007
16241565,2012
16241216,2010
16240685,2007
16240776,1997
16240408,1983
16240190,1981
16240178,1989
16239576,1982
16239466,1986
16239370,1983
16238847,1991
16238859,1991
16238586,1991
16238104,1986
16238240,1992
16237858,2005
16237564,2007
16237521,2003
16237121,2006
16236921,2009
16236905,2018
16236409,2016
16236436,2021
16236213,2022
16235813,2013
16235901,2001
16235541,1991
16235067,1983
16235278,1983
16234944,1983
16234682,1982
16234858,1983
16234396,1979
16234417,1977
16234441,1983
16234103,1995
16234162,2001
16234161,2005
16233815,2003
16234136,1998
16234179,1996
16234059,1993
16234566,1992
16234420,1992
16234692,1985
16235290,1981
16235293,1976
16235784,1974
16236275,1971
16236552,1962
16237344,1963
16237976,1966
16238501,1971
16239429,1976
16240029,1980
16240754,1978
16241986,1977
16242665,1972
16243548,1963
16244780,1956
16245433,1951
16246765,1949
16247939,1953
16248681,1952
16250186,1952
16251197,1950
16251985,1942
16253503,1941
16254405,1941
16255451,1941
16256743,1948
16257484,1953
16258582,1960
16259795,1961
16260379,1953
16261637,1946
16262621,1938
16263214,1918
16264485,1914
16265271,1911
16265871,1909
16267135,1913
16267678,1917
16268400,1923
16269441,1934
16270033,1939
16270767,1954
16271737,1965
16271976,1950
16272980,1946
16273671,1943
16274023,1939
16274894,1939
16275317,1946
16275824,1945
16276731,1943
16277099,1937
16277522,1950
16278271,1952
16278491,1947
16279060,1952
16279727,1957
16279746,1960
16280549,1963
16281072,1963
16281194,1959
16281814,1963
16282115,1952
16282285,1972
16283095,1984
16283275,1999
16283560,2008
16284207,2005
16284215,1995
16284765,1986
16285160,1984
16285062,1990
16285715,2000
16285889,2015
16286064,2026
16286726,2037
16286799,2045
16286913,2045
16287450,2049
16287493,2052
16287850,2051
16288278,2055
16288260,2054
16288657,2057
16288966,2065
16288859,2071
16289371,2082
16289485,2091
16289533,2090
16290048,2088
16290051,2082
16290097,2074
16290551,2079
16290442,2083
16290567,2093
16291028,2092
16290846,2091
16291177,2089
16291368,2085
16291083,2080
16291531,2077
16291491,2078
16291338,2083
16291597,2092
16291504,2102
16291519,2103
16291773,2105
16291355,2103
16291528,2097
16291811,2104
16291388,2106
16291594,2104
16291591,2098
16291087,2086
16291406,2084
16291266,2087
16290986,2089
16291183,2090
16290839,2093
16290761,2091
16291031,2092
16290559,2096
16290498,2096
16290588,2098
16290250,2100
16290338,2097
16290186,2089
16289792,2084
16290026,2085
16289671,2088
16289442,2085
16289763,2078
16289213,2073
16289096,2073
16289387,2076
16288894,2077
16288959,2067
16288935,2069
16288381,2075
16288614,2083
16288485,2093
16288216,2100
16288351,2100
16288103,2091
16287935,2080
16288201,2076
16287858,2074
16287748,2070
16287866,2072
16287439,2070
16287725,2075
16287554,2069
16287228,2081
16287362,2078
16287289,2065
16287014,2057
16287249,2067
16286934,2080
16286870,2088
16287067,2092
16286768,2080
16286651,2073
16286814,2061
16286463,2070
16286584,2073
16286544,2077
16286216,2084
16286317,2085
16286282,2081
16285970,2069
16286267,2066
16286074,2066
16285849,2067
16286051,2071
16285677,2067
16285620,2065
16285801,2068
16285418,2065
16285580,2069
16285599,2075
16285210,2083
16285386,2086
16285241,2083
16284924,2081
16285224,2079
16284794,2081
16284734,2079
16284829,2081
16284566,2075
16284440,2070
16284449,2069
16284127,2067
16284291,2068
16284194,2075
16283804,2079
16283987,2080
16283729,2076
16283493,2071
16283643,2075
16283308,2078
16283269,2082
16283437,2089
16282861,2085
16282862,2067
16282918,2057
16282539,2049
16282664,2047
16282531,2047
16282115,2051
16282375,2056
16282150,2062
16281850,2066
16281958,2073
16281574,2079
16281549,2081
16281651,2081
16281256,2080
16281199,2083
16281229,2084
16280735,2086
16280809,2075
16280607,2064
16280320,2062
16280449,2061
16280152,2058
16280057,2058
16280075,2059
16279709,2063
16279478,2067
16279697,2069
16279277,2071
16279267,2073
16279150,2068
16278727,2063
16278750,2057
16278688,2057
16278241,2046
16278319,2052
16278001,2055
16277760,2055
16277880,2061
16277488,2073
16277302,2076
16277393,2067
16277078,2063
16277004,2065
16277028,2068
16276536,2065
16276528,2065
16276291,2064
16275924,2070
16276101,2065
16275788,2079
16275480,2081
16275670,2075
16275267,2066
16275049,2055
16275154,2050
16274581,2051
16274709,2046
16274570,2050
16274100,2058
16274159,2054
16274002,2071
16273663,2072
16273695,2070
16273433,2061
16273055,2055
16273116,2057
16272789,2061
16272550,2068
16272695,2073
16272082,2070
16272129,2065
16272019,2063
16271544,2060
16271623,2057
16271408,2056
16271093,2055
16271188,2056
16270790,2056
16270600,2060
16270654,2065
16270239,2060
16270061,2055
16270073,2052
16269613,2049
16269553,2047
16269441,2049
16268930,2047
16269073,2049
16268922,2054
16268509,2058
16268696,2064
16268255,2065
16268065,2062
16268123,2060
16267571,2060
16267358,2061
16267487,2065
16267013,2066
16267025,2061
16266866,2062
16266421,2068
16266487,2070
16266329,2067
16265779,2059
16265956,2046
16265599,2043
16265314,2039
16265431,2038
16264948,2035
16264779,2035
16264863,2039
16264313,2042
16264350,2047
16264195,2049
16263628,2048
16263754,2061
16263590,2068
16263170,2068
16263175,2064
16262854,2057
16262460,2052
16262600,2055
16262219,2057
16262025,2054
16262115,2053
16261517,2051
16261472,2044
16261454,2044
16260942,2041
16260949,2033
16260718,2034
16260171,2037
16260423,2044
16259963,2048
16259674,2045
16259732,2041
16259433,2041
16259137,2044
16259275,2058
16258628,2067
16258538,2063
16258575,2062
16258025,2056
16258053,2044
16257832,2042
16257290,2038
16257499,2042
16257162,2042
16256703,2043
16256808,2058
16256404,2063
16256050,2060
16256087,2063
16255686,2067
16255564,2059
16255483,2049
16254980,2044
16254968,2030
16254874,2035
16254219,2029
16254365,2043
16254053,2049
16253693,2052
16253627,2051
16253263,2050
16252963,2051
16253232,2059
16252641,2067
16252391,2070
16252311,2069
16251760,2065
16251737,2063
16251665,2059
16251118,2043
16251182,2035
16250955,2036
16250371,2038
16250572,2044
16250112,2051
16249852,2046
16249845,2052
16249397,2055
16249173,2056
16249169,2062
16248568,2065
16248568,2056
16248465,2048
16247891,2034
16247956,2026
16247759,2025
16247206,2026
16247230,2033
16247003,2037
16246610,2042
16246629,2051
16246178,2052
16245910,2045
16246008,2040
16245467,2040
16245298,2036
16245255,2037
16244734,2031
16244656,2027
16244475,2025
16243862,2025
16243951,2027
16243632,2030
16243234,2036
16243346,2041
16242932,2039
16242586,2033
16242590,2029
16242059,2029
16241969,2032
16241903,2041
16241358,2046
16241287,2051
16241150,2056
16240648,2051
16240597,2047
16240257,2050
16239964,2044
16240017,2037
16239620,2032
16239195,2032
16239291,2037
16238892,2044
16238547,2054
