129,66
16062092,2060
16062282,2065
16062445,2072
16062777,2082
16062917,2079
16063143,2068
16063439,2054
16063800,2042
16063848,2028
16064209,2015
16064441,2016
16064650,2023
16064878,2029
16065128,2032
16065379,2029
16065560,2029
16065773,2031
16065913,2033
16066220,2027
16066349,2030
16066665,2031
16066865,2031
16067149,2037
16067372,2043
16067609,2048
16067859,2046
16068131,2041
16068296,2040
16068551,2043
16068927,2047
16069037,2052
16069291,2057
16069429,2060
16069704,2060
16069918,2063
16070092,2065
16070370,2063
16070547,2058
16070775,2055
16071115,2049
16071275,2043
16071576,2039
16071738,2041
16071893,2047
16072061,2056
16072319,2065
16072457,2067
16072685,2069
16072789,2054
16072976,2046
16073061,2048
16073300,2063
16073287,2070
16073435,2070
16073419,2067
16073621,2070
16073569,2075
16073632,2077
16073662,2070
16073568,2062
16073537,2052
16073572,2035
16073503,2024
16073355,2023
16073169,2032
16073118,2043
16072968,2053
16072955,2061
16072739,2059
16072467,2057
16072440,2052
16072278,2050
16072096,2055
16072005,2059
16071798,2053
16071527,2042
16071391,2033
16071131,2028
16070995,2021
16070742,2024
16070490,2034
16070449,2045
16070160,2051
16070006,2047
16069764,2037
16069627,2032
16069515,2030
16069173,2032
16069154,2039
16069066,2041
16068846,2042
16068655,2038
16068534,2033
16068381,2039
16068234,2055
16068090,2069
16067824,2070
16067669,2069
16067495,2070
16067483,2066
16067365,2060
16067207,2047
16066927,2036
16066911,2036
16066797,2029
16066577,2027
16066579,2026
16066481,2029
16066267,2030
16066183,2033
16066015,2031
16066032,2025
16065836,2018
16065674,1999
16065712,1980
16065579,1979
16065423,2001
16065270,2030
16065264,2048
16065226,2057
16065032,2058
16064938,2057
16064893,2046
16064717,2056
16064709,2057
16064669,2045
16064389,2058
16064366,2061
16064335,2050
16064313,2057
16064193,2048
16064103,2040
16064043,2048
16063974,2062
16063829,2081
16063698,2090
16063531,2084
16063554,2069
16063452,2055
16063333,2037
16063318,2023
16063138,2017
16062912,2014
16062904,2012
16062769,2020
16062724,2028
16062596,2031
16062352,2023
16062250,2022
16062142,2031
16062032,2040
16061950,2051
16061874,2059
16061792,2059
16061552,2053
16061482,2048
16061198,2054
16061065,2060
16060852,2064
16060794,2064
16060606,2064
16060443,2067
16060292,2074
16060128,2080
16060077,2081
16059994,2077
16059630,2076
16059584,2067
16059468,2061
16059223,2048
16059111,2040
16058973,2037
16058794,2038
16058700,2042
16058512,2040
16058404,2042
16058083,2052
16058006,2056
16057898,2057
16057680,2059
16057423,2061
16057245,2059
16057188,2051
16057010,2045
16056826,2041
16056637,2038
16056529,2024
16056274,2013
16056195,2014
16055966,2032
16055760,2053
16055493,2057
16055490,2059
16055117,2060
16055090,2060
16054883,2059
16054707,2054
16054609,2038
16054384,2036
16054256,2038
16054096,2045
16053879,2050
16053623,2061
16053470,2070
16053397,2069
16053214,2065
16053063,2048
16052734,2043
16052690,2047
16052568,2058
16052434,2061
16052269,2050
16052023,2044
16051850,2051
16051770,2057
16051652,2056
16051498,2046
16051290,2034
16051187,2027
16051083,2035
16050762,2052
16050753,2068
16050675,2076
16050413,2074
16050363,2062
16050176,2043
16050069,2026
16049983,2021
16049806,2025
16049682,2029
16049459,2027
16049353,2027
16049254,2032
16049149,2039
16048999,2044
16048972,2050
16048876,2051
16048709,2043
16048690,2033
16048508,2022
16048328,2019
16048265,2015
16048265,2007
16048096,1998
16047960,1997
16047889,2000
16047756,2007
16047665,2018
16047526,2026
16047306,2024
16047319,2022
16047264,2013
16047263,2008
16047030,2007
16046952,2006
16046807,2003
16046701,2007
16046667,2019
16046558,2033
16046429,2042
16046230,2052
16046138,2061
16046063,2061
16045937,2058
16045741,2050
16045625,2043
16045603,2051
16045402,2062
16045397,2071
16045160,2065
16045166,2054
16044942,2050
16044854,2039
16044568,2037
16044561,2041
16044529,2042
16044429,2041
16044204,2046
16044082,2057
16043977,2063
16043730,2067
16043670,2065
16043518,2062
16043363,2060
16043409,2069
16043164,2073
16043028,2081
16042849,2080
16042744,2073
16042563,2060
16042452,2045
16042241,2024
16042167,1998
16041935,1963
16041700,1942
16041722,1923
16041550,1903
16041318,1873
16041291,1824
16041169,1764
16040920,1701
16040817,1634
16040773,1581
16040535,1550
16040454,1549
16040356,1577
16040183,1604
16040037,1648
16039927,1706
16039757,1786
16039643,1871
16039387,1942
16039275,2003
16039258,2053
16039127,2086
16038976,2113
16038845,2127
16038675,2132
16038474,2126
16038353,2115
16038242,2105
16038079,2100
16037877,2102
16037799,2106
16037566,2108
16037380,2109
16037248,2109
16037133,2107
16037017,2103
16036900,2094
16036663,2092
16036516,2100
16036313,2104
16036214,2113
16036047,2119
16035996,2113
16035715,2107
16035450,2107
16035329,2104
16035225,2093
16035004,2080
16034856,2075
16034650,2082
16034510,2083
16034442,2083
16034254,2080
16034093,2083
16033915,2083
16033735,2085
16033587,2085
16033414,2086
16033221,2093
16033155,2098
16033061,2101
16032950,2101
16032854,2100
16032608,2097
16032483,2098
16032268,2090
16032136,2084
16032014,2077
16031987,2076
16031825,2082
16031531,2091
16031495,2095
16031380,2101
16031148,2103
16031022,2099
16030993,2082
16030823,2070
16030695,2066
16030616,2071
16030484,2079
16030152,2075
16030052,2073
16029956,2077
16029742,2090
16029574,2092
16029562,2089
16029548,2080
16029403,2077
16029456,2079
16029288,2083
16029177,2088
16029199,2091
16029235,2098
16029267,2097
16029333,2093
16029488,2086
16029686,2084
16030097,2091
16030381,2095
16030732,2103
16031087,2102
16031689,2097
16032206,2083
16032775,2070
16033440,2052
16034138,2050
16034866,2047
16035606,2045
16036427,2033
16037342,2024
16038169,2014
16039017,2015
16039829,2035
16040528,2043
16041380,2046
16042190,2047
16042897,2052
16043519,2064
16044131,2061
16044837,2070
16045510,2079
16046033,2087
16046686,2090
16047098,2077
16047668,2066
16048034,2057
16048532,2051
16049022,2056
16049440,2060
16049806,2063
16050359,2065
16050589,2070
16051017,2070
16051263,2074
16051766,2075
16052141,2068
16052481,2055
16052748,2050
16053122,2050
16053519,2055
16053676,2056
16053991,2052
16054408,2051
16054650,2058
16054933,2061
16055281,2066
16055651,2065
16055904,2065
16056064,2064
16056506,2065
16056718,2076
16057087,2077
16057451,2071
16057689,2063
16057950,2061
16058224,2062
16058571,2067
16058772,2069
16059096,2072
16059298,2072
16059662,2075
16059872,2079
16060059,2077
16060464,2069
16060774,2065
16060933,2068
16061250,2076
16061519,2079
16061820,2075
16061970,2069
16062278,2067
16062560,2070
16062737,2071
16063114,2068
16063277,2066
16063362,2057
16063677,2042
16063978,2027
16064183,2025
16064474,2031
16064693,2038
16064892,2042
16065094,2045
16065303,2042
16065635,2038
16065913,2038
16065983,2050
16066198,2066
16066334,2080
16066567,2086
16066735,2086
16066912,2079
16067112,2069
16067389,2059
16067531,2052
16067600,2051
16067764,2055
16067900,2057
16067961,2057
16068155,2058
16068295,2060
16068457,2061
16068625,2062
16068702,2059
16068929,2059
16069061,2055
16069139,2058
16069115,2064
16069341,2070
16069399,2074
16069542,2077
16069695,2074
16069899,2067
16069869,2053
16070067,2048
16070179,2042
16070232,2051
16070287,2060
16070341,2053
16070381,2045
16070466,2042
16070582,2038
16070626,2039
16070767,2041
16070636,2052
16070721,2066
16070692,2073
16070715,2076
16070698,2084
16070591,2088
16070538,2088
16070583,2082
16070510,2074
16070425,2062
16070282,2046
16070239,2032
16070131,2028
16069987,2036
16069845,2053
16069806,2074
16069579,2087
16069530,2097
16069309,2093
16069167,2084
16069045,2070
16068971,2050
16068924,2036
16068731,2033
16068779,2031
16068495,2027
16068358,2026
16068216,2037
16068128,2050
16067974,2068
16067916,2073
16067788,2069
16067599,2064
16067588,2054
16067519,2040
16067274,2032
16067120,2030
16067164,2031
16066963,2024
16066840,2018
16066732,2029
16066571,2047
16066519,2059
16066382,2059
16066213,2053
16066226,2045
16066106,2043
16065957,2045
16065802,2043
16065785,2042
16065601,2044
16065526,2046
16065373,2038
16065275,2033
16065122,2034
16065010,2029
16064870,2029
16064785,2041
16064679,2052
16064579,2059
16064543,2064
16064294,2060
16064189,2054
16064171,2057
16063971,2058
16063929,2061
16063800,2054
16063662,2039
16063556,2022
16063511,2013
16063319,2014
16063262,2021
16063072,2034
16062927,2052
16062811,2067
16062823,2077
16062619,2081
16062658,2075
16062350,2061
16062319,2054
16062236,2053
16062088,2059
16061901,2068
16061713,2065
16061789,2044
16061702,2036
16061442,2038
16061365,2045
16061385,2052
16061261,2042
16061058,2030
16060957,2034
16060872,2036
16060796,2044
16060591,2047
16060503,2061
16060460,2077
16060252,2077
16060119,2075
16060049,2061
16059949,2052
16059805,2051
16059580,2053
16059509,2055
16059489,2057
16059256,2055
16059237,2044
16059009,2034
16058862,2029
16058747,2033
16058614,2041
16058457,2044
16058297,2046
16058094,2043
16057965,2041
16057662,2041
16057579,2047
16057285,2053
16057156,2057
16057040,2063
16056871,2065
16056570,2063
16056423,2056
16056239,2045
16056030,2031
16055962,2027
16055778,2029
16055559,2034
16055283,2039
16055006,2050
16054954,2061
16054720,2072
16054488,2075
16054325,2077
16054148,2069
16053974,2056
16053838,2039
16053655,2031
16053509,2027
16053388,2025
16053202,2033
16052994,2045
16052817,2057
16052652,2066
16052509,2069
16052314,2062
16052149,2051
16052035,2043
16051859,2043
16051702,2043
16051528,2044
16051326,2045
16051212,2051
16051094,2047
16050850,2046
16050689,2044
16050668,2036
16050622,2047
16050339,2061
16050279,2073
16050176,2077
16049985,2073
16049861,2060
16049673,2051
16049512,2048
16049301,2045
16049232,2050
16049193,2054
16049006,2062
16048748,2073
16048688,2077
16048418,2071
16048337,2054
16048071,2035
16047950,2026
16047871,2021
16047733,2024
16047603,2033
16047350,2043
16047257,2046
16047076,2045
16046821,2039
16046577,2029
16046346,2024
16046264,2018
16046167,2016
16045955,2013
16045848,2012
16045617,2013
16045414,2002
16045254,1999
16045003,2008
16044915,2021
16044718,2031
16044524,2022
16044305,2011
16044083,2006
16043883,2008
16043793,2007
16043656,2013
16043418,2021
16043227,2030
16043079,2044
16042810,2057
16042669,2066
16042476,2073
16042370,2071
16042230,2066
16041976,2069
16041849,2069
16041678,2067
16041372,2058
16041194,2057
16041099,2067
16040865,2081
16040764,2091
16040598,2096
16040457,2098
16040320,2094
16040025,2085
16039874,2076
16039690,2068
16039460,2063
16039404,2064
16039263,2073
16038996,2083
16038827,2083
16038762,2069
16038455,2053
16038406,2038
16038172,2026
16038025,2015
16037895,2007
16037619,2001
16037442,2001
16037297,1994
16037130,1983
16036887,1955
16036758,1915
16036639,1862
16036577,1804
16036386,1751
16036044,1697
16035969,1651
16035750,1616
16035530,1595
16035429,1594
16035295,1612
16035061,1648
16034962,1699
16034664,1761
16034558,1834
16034394,1905
16034232,1973
16034211,2028
16033888,2068
16033666,2089
16033526,2095
16033377,2095
16033228,2096
16032935,2093
16032956,2092
16032745,2091
16032578,2086
16032409,2082
16032252,2080
16032030,2087
16031826,2093
16031731,2092
16031507,2089
16031328,2086
16031224,2091
16030975,2100
16030873,2110
16030738,2116
16030594,2123
16030426,2124
16030294,2120
16030124,2111
16029862,2100
16029650,2092
16029443,2084
16029313,2089
16029111,2090
16028906,2084
16028756,2083
16028627,2090
16028495,2091
16028217,2089
16028063,2072
16027938,2063
16027725,2066
16027558,2081
16027459,2095
16027301,2090
16027153,2083
16026999,2083
16026739,2086
16026602,2086
16026471,2083
16026279,2080
16026054,2073
16025940,2065
16025671,2066
16025629,2072
16025405,2079
16025165,2085
16025156,2089
16024829,2093
16024674,2094
16024473,2081
16024357,2065
16024126,2047
16024024,2043
16023797,2051
16023641,2060
16023541,2072
16023379,2084
16023232,2085
16022979,2089
16022831,2087
16022737,2083
16022558,2074
16022582,2062
16022482,2057
16022485,2061
16022454,2061
16022359,2058
16022476,2053
16022553,2049
16022725,2052
16022877,2052
16023079,2057
16023438,2066
16023879,2074
16024295,2072
16024857,2065
16025448,2047
16026133,2043
16026951,2040
16027604,2047
16028420,2051
16029269,2055
16030081,2051
16030926,2057
16031893,2055
16032801,2051
16033747,2047
16034682,2041
16035588,2038
16036458,2035
16037399,2043
16038206,2050
16039106,2059
16039716,2066
16040423,2068
16041184,2063
16041826,2062
16042405,2049
16042932,2029
16043442,2003
16043982,1999
16044507,2015
16045012,2039
16045444,2066
16045897,2084
16046258,2091
16046664,2087
16047029,2075
16047426,2061
16047758,2057
16048233,2055
16048486,2055
16048848,2055
16049067,2050
16049338,2049
16049644,2040
16050046,2026
16050278,2012
16050673,2006
16050841,2007
16051296,2019
16051499,2038
16051662,2054
16052040,2055
16052346,2052
16052731,2056
16052929,2051
16053215,2047
16053489,2031
16053888,2019
16054089,2012
16054415,2018
16054695,2035
16054805,2036
16055131,2040
16055481,2051
16055693,2059
16055915,2061
16056193,2051
16056311,2042
16056637,2033
16056922,2031
16057191,2032
16057554,2040
16057714,2052
16058008,2059
16058390,2059
16058460,2045
16058768,2028
16058928,2010
16059255,2002
16059457,2001
16059749,2011
16059857,2026
16060131,2032
16060420,2028
16060652,2015
16060885,2017
16061100,2028
16061368,2037
16061583,2041
16061776,2043
16062091,2042
16062264,2037
16062437,2029
16062692,2023
16062899,2022
16063007,2031
16063255,2039
16063449,2048
16063647,2055
16063759,2061
16064041,2061
16064058,2053
16064325,2049
16064487,2058
16064607,2070
16064829,2070
16064928,2062
16065051,2051
16065214,2037
16065373,2036
16065392,2042
16065462,2054
16065664,2064
16065831,2075
16065910,2081
16065976,2085
16066125,2081
16066189,2068
16066233,2059
16066368,2048
16066311,2032
16066350,2018
16066357,2016
16066505,2017
16066463,2017
16066567,2024
16066452,2032
16066485,2038
16066394,2036
16066297,2032
16066293,2026
16066307,2026
16066132,2030
16066108,2038
16065858,2040
16065849,2046
16065708,2047
16065640,2043
16065513,2051
16065260,2064
16065124,2071
16064984,2071
16064873,2063
16064643,2044
16064540,2033
16064430,2025
16064230,2020
16064182,2018
16063938,2025
16063901,2031
16063668,2036
16063593,2034
16063475,2032
16063392,2032
16063166,2037
16063040,2046
16062894,2040
16062796,2039
16062753,2033
16062621,2038
16062516,2045
16062421,2038
16062224,2034
16062195,2038
16061980,2041
16061959,2037
16061868,2036
16061726,2039
16061509,2039
16061355,2038
16061332,2043
16061247,2052
16061178,2051
16060999,2043
16060889,2028
16060766,2013
16060706,2013
16060543,2010
16060477,2019
16060329,2028
16060178,2037
16060057,2047
16059942,2054
16059883,2055
16059643,2049
16059586,2034
16059445,2012
16059397,1998
16059249,2005
16058989,2024
16058983,2046
16058858,2054
16058687,2052
16058654,2047
16058596,2042
16058430,2046
16058369,2046
16058232,2043
16058115,2035
16058016,2038
16057925,2035
16057774,2026
16057595,2021
16057473,2031
16057454,2045
16057331,2057
16057293,2058
16057119,2049
16056963,2043
16056935,2040
16056771,2043
16056696,2050
16056617,2059
16056446,2063
16056391,2059
16056269,2047
16056253,2044
16055922,2048
16055974,2049
16055806,2042
16055775,2037
16055632,2036
16055378,2039
16055317,2043
16055132,2052
16055072,2050
16054875,2047
16054743,2045
16054697,2044
16054521,2030
16054437,2009
16054437,2006
16054163,2016
16054068,2032
16053885,2045
16053860,2050
16053592,2052
16053520,2050
16053254,2054
16053225,2058
16053054,2059
16052947,2056
16052759,2054
16052634,2051
16052620,2043
16052404,2033
16052254,2028
16052185,2029
16051908,2045
16051863,2057
16051834,2062
16051659,2057
16051460,2053
16051353,2054
16051135,2058
16051134,2060
16050982,2042
16050771,2036
16050664,2038
16050601,2049
16050331,2055
16050291,2033
16049950,2022
16049965,2029
16049723,2044
16049615,2049
16049418,2051
16049324,2051
16049073,2047
16048972,2044
16048787,2047
16048709,2051
16048543,2055
16048446,2058
16048264,2060
16048129,2058
16048085,2051
16047842,2038
16047703,2027
16047578,2035
16047595,2051
16047280,2065
16047105,2078
16046931,2081
16046916,2078
16046835,2067
16046619,2056
16046459,2050
16046169,2045
16046179,2040
16046080,2042
16045921,2043
16045719,2038
16045650,2037
16045460,2044
16045391,2053
16045129,2052
16045068,2049
16045051,2046
16044802,2040
16044684,2030
16044488,2030
16044406,2028
16044257,2031
16044148,2031
16044057,2029
16043974,2024
16043745,2012
16043642,2010
16043506,2009
16043261,2007
16043153,2009
16042988,2016
16042850,2026
16042634,2029
16042614,2031
16042394,2036
16042410,2039
16042203,2042
16042083,2044
16041945,2043
16041790,2042
16041725,2039
16041523,2039
16041421,2046
16041262,2060
16041099,2073
16041019,2083
16040901,2081
16040822,2072
16040533,2065
16040439,2066
16040317,2065
16040159,2059
16040084,2055
16039875,2061
16039814,2068
16039628,2065
16039488,2051
16039416,2040
16039294,2037
16039157,2031
16039028,2026
16038878,2020
16038684,2025
16038607,2031
16038598,2039
16038480,2043
16038263,2040
16038341,2035
16038124,2034
16038113,2028
16038097,2016
16037982,1995
16037938,1965
16037677,1937
16037680,1913
16037514,1892
16037410,1863
16037293,1823
16037346,1779
16037199,1736
16037230,1695
16037037,1650
16037031,1614
16036820,1603
16036767,1616
16036581,1664
16036516,1712
16036343,1771
16036479,1845
16036260,1930
16036029,2005
16035967,2057
16035823,2091
16035725,2096
16035641,2089
16035492,2077
16035240,2074
16035116,2074
16034869,2076
16034759,2084
16034621,2097
16034586,2107
16034334,2111
16034238,2111
16034111,2109
16033947,2104
16033768,2097
16033674,2091
16033603,2085
16033231,2081
16033088,2075
16033001,2073
16032916,2073
16032626,2075
16032521,2083
16032308,2087
16032194,2093
16031847,2096
16031834,2097
16031687,2090
16031404,2088
16031240,2079
16031111,2074
16030888,2077
16030738,2093
16030682,2111
16030396,2116
16030376,2099
16030136,2086
16030049,2076
16029924,2065
16029798,2065
16029662,2068
16029419,2074
16029281,2076
16029275,2083
16029193,2093
16029043,2099
16028881,2099
16028748,2097
16028639,2095
16028407,2091
16028276,2084
16028170,2073
16028189,2067
16027888,2059
16027725,2055
16027524,2064
16027365,2083
16027349,2097
16027245,2101
16027201,2101
16027127,2095
16026948,2079
16026882,2062
16026836,2053
16026660,2058
16026632,2070
16026586,2084
16026509,2086
16026627,2071
16026548,2053
16026608,2043
16026617,2040
16026596,2042
16026705,2045
16026898,2048
16027263,2051
16027587,2045
16027828,2036
16028337,2030
16028873,2032
16029338,2042
16029796,2056
16030494,2054
16031125,2054
16031832,2062
16032596,2070
16033358,2075
16034089,2056
16034947,2046
16035887,2046
16036711,2055
16037595,2059
16038296,2062
16039360,2055
16040139,2055
16040971,2054
16041602,2057
16042281,2057
16043032,2053
16043703,2043
16044253,2036
16044908,2034
16045482,2046
16046040,2060
16046440,2063
16046980,2071
16047409,2075
16047897,2072
16048220,2071
16048646,2066
16049021,2056
16049320,2047
16049741,2045
16050049,2051
16050372,2052
16050693,2048
16051181,2043
16051312,2047
16051553,2046
16051935,2043
16052265,2043
16052554,2045
16052809,2054
16053089,2044
16053318,2041
16053620,2040
16053953,2044
16054153,2059
16054486,2074
16054687,2086
16054903,2084
16055184,2071
16055426,2062
16055729,2052
16055939,2041
16056150,2027
16056416,2018
16056550,2015
16056832,2011
16057134,2004
16057236,2009
16057448,2024
16057685,2043
16057820,2062
16058024,2077
16058357,2081
16058549,2079
16058716,2068
16058819,2057
16058991,2047
16059318,2045
16059452,2047
16059652,2044
16059850,2044
16060071,2051
16060346,2057
16060508,2061
16060772,2062
16061049,2061
16061339,2053
16061413,2041
16061679,2033
16061875,2027
16062012,2021
16062253,2019
16062400,2024
16062591,2039
16062735,2053
16062893,2065
16063003,2059
16063259,2044
16063486,2028
16063578,2026
16063769,2034
16063880,2043
16064131,2048
16064200,2052
16064398,2048
16064558,2046
16064587,2052
16064839,2054
16065058,2055
16065026,2039
16065263,2034
16065464,2039
16065531,2051
16065600,2064
16065703,2057
16066001,2052
16066015,2058
16066143,2066
16066300,2068
16066407,2069
16066513,2072
16066718,2066
16066776,2059
16066849,2057
16066947,2058
16066970,2062
16067021,2063
16067049,2059
16067166,2061
16067178,2062
16067194,2057
16067242,2057
16067217,2069
16067227,2083
16067221,2094
16067301,2098
16067272,2086
16067094,2069
16066958,2054
16066978,2043
16066891,2039
16066775,2032
16066565,2024
16066514,2017
16066342,2019
16066194,2023
16066027,2034
16065825,2042
16065731,2055
16065484,2065
16065213,2069
16065068,2068
16064905,2060
16064794,2045
16064562,2042
16064345,2050
16064161,2058
16063956,2060
16063774,2051
16063659,2042
16063546,2039
16063297,2043
16063103,2053
16063083,2061
16062946,2069
16062862,2076
16062590,2076
16062586,2072
16062377,2060
16062356,2051
16062199,2049
16062144,2046
16062073,2045
16061903,2041
16061880,2035
16061703,2030
16061495,2025
16061540,2021
16061446,2017
16061358,2020
16061132,2032
16061141,2050
16061033,2063
16060868,2070
16060788,2066
16060708,2057
16060626,2052
16060540,2052
16060495,2046
16060360,2041
16060122,2030
16060094,2030
16060003,2031
16059812,2038
16059632,2039
16059546,2039
16059539,2046
16059341,2053
16059166,2052
16059113,2049
16059090,2047
16058909,2046
16058778,2045
16058616,2044
16058524,2035
16058332,2032
16058177,2027
16058152,2031
16057981,2043
16057886,2038
16057655,2040
16057492,2045
16057464,2050
16057251,2053
16057129,2041
16056951,2033
16056884,2040
16056797,2056
16056630,2069
16056462,2087
16056203,2102
16056046,2106
16055955,2101
16055762,2092
16055650,2081
16055450,2075
16055215,2067
16055147,2062
16054846,2060
16054753,2054
16054732,2044
16054463,2027
16054286,2010
16054155,1997
16053879,1991
16053748,2002
16053533,2023
16053339,2036
16053207,2046
16053055,2054
16052908,2058
16052712,2059
16052527,2053
16052371,2043
16052107,2039
16051973,2043
16051799,2044
16051589,2048
16051366,2047
16051264,2049
16051073,2049
16050926,2057
16050799,2057
16050680,2057
16050481,2062
16050234,2062
16050139,2059
16049910,2058
16049637,2053
16049551,2048
16049267,2046
16049238,2047
16049074,2049
16048861,2052
16048769,2054
16048530,2047
16048318,2038
16048282,2027
16048018,2027
16047850,2030
16047675,2041
16047541,2060
16047258,2081
16047046,2093
16046748,2096
16046702,2085
16046576,2061
16046424,2043
16046205,2020
16045986,2007
16045789,2014
16045679,2018
16045448,2024
16045229,2034
16045031,2038
16044907,2036
16044743,2032
16044579,2026
16044403,2020
16044219,2022
16044078,2031
16043897,2041
16043672,2050
16043553,2059
16043500,2072
16043247,2075
16043017,2068
16043019,2053
16042885,2046
16042611,2034
16042588,2029
16042364,2020
16042285,2011
16042028,2008
16041816,2005
16041818,2006
16041615,2012
16041530,2022
16041320,2043
16041236,2045
16041075,2041
16040889,2031
16040723,2028
16040553,2033
16040423,2031
16040164,2030
16039983,2035
16039923,2036
16039596,2033
16039537,2031
16039464,2031
16039223,2031
16039024,2023
16038792,2005
16038658,1987
16038607,1984
16038448,1985
16038342,1995
16038107,2002
16037924,2008
16037796,2018
16037585,2025
16037501,2037
16037313,2053
16037088,2061
16036921,2063
16036704,2057
16036512,2051
16036410,2048
16036240,2045
16035987,2049
16035816,2049
16035745,2043
16035531,2040
16035322,2044
16035140,2052
16035083,2059
16034932,2060
16034661,2057
16034480,2054
16034361,2050
16034151,2047
16033992,2050
16033735,2046
16033677,2040
16033375,2033
16033130,2033
16032988,2041
16032952,2049
16032786,2056
16032692,2053
16032390,2046
16032190,2035
16031988,2008
16031863,1972
16031662,1929
16031421,1877
16031236,1824
16031084,1775
16030822,1739
16030745,1701
16030509,1656
16030321,1613
16030089,1581
16029878,1585
16029692,1618
16029625,1673
16029414,1738
16029237,1810
16029051,1882
16028879,1955
16028812,2008
16028434,2045
16028302,2070
16028094,2083
16027987,2089
16027750,2086
16027599,2078
16027438,2071
16027260,2068
16026975,2070
16026821,2081
16026674,2090
16026616,2099
16026385,2101
16026269,2099
16025958,2094
16025843,2085
16025663,2086
16025428,2095
16025255,2104
16025232,2105
16025048,2099
16024856,2092
16024642,2088
16024454,2091
16024344,2100
16024203,2110
16024003,2111
16023846,2102
16023590,2094
16023413,2082
16023283,2071
16023106,2078
16022932,2085
16022757,2086
16022613,2098
16022315,2106
16022105,2101
16021972,2093
16021973,2085
16021705,2082
16021594,2078
16021466,2082
16021141,2083
16020997,2085
16020760,2086
16020786,2083
16020459,2082
16020239,2081
16020251,2083
16020007,2081
16019780,2077
16019499,2082
16019361,2091
16019236,2095
16019086,2091
16018858,2076
16018703,2058
16018442,2059
16018203,2065
16018068,2075
16017903,2081
16017674,2082
16017468,2080
16017219,2077
16017211,2082
16017021,2092
16016821,2096
16016735,2095
16016672,2086
16016405,2074
16016520,2061
16016371,2055
16016256,2052
16016234,2054
16016237,2052
16016314,2053
16016501,2051
16016691,2051
16016960,2047
16017359,2043
16017807,2038
16018222,2034
16018846,2041
16019426,2055
16019993,2061
16020699,2061
16021543,2062
16022348,2067
16023315,2073
16024074,2070
16025044,2053
16025903,2035
16026875,2032
16027780,2038
16028759,2054
16029744,2067
16030648,2075
16031490,2072
16032230,2062
16033009,2051
16033912,2044
16034569,2041
16035259,2041
16036002,2037
16036548,2034
16037037,2035
16037597,2045
16038025,2053
16038519,2065
16039116,2076
16039576,2075
16040028,2069
16040306,2066
16040839,2058
16041211,2053
16041555,2043
16041919,2030
16042233,2024
16042629,2022
16042929,2027
16043227,2039
16043618,2053
16043851,2053
16044203,2050
16044525,2042
16044794,2041
16045150,2052
16045303,2059
16045692,2061
16046005,2067
16046289,2066
16046617,2063
16046903,2046
16047060,2044
16047293,2040
16047611,2040
16047976,2042
16048270,2045
16048505,2043
16048797,2041
16049078,2045
16049322,2050
16049551,2047
16049819,2040
16050123,2036
16050406,2035
16050705,2032
16050894,2034
16051225,2042
16051409,2052
16051624,2063
16051894,2070
16052292,2068
16052401,2058
16052756,2047
16053014,2048
16053167,2060
16053337,2072
16053666,2077
16053977,2076
16054169,2071
16054464,2059
16054812,2047
16055054,2038
16055284,2035
16055471,2031
16055784,2029
16055985,2024
16056332,2023
16056472,2027
16056796,2035
16056931,2047
16057145,2054
16057431,2056
16057701,2070
16057953,2072
16058180,2074
16058337,2075
16058589,2072
16058757,2065
16058927,2063
16059202,2065
16059431,2068
16059585,2067
16059820,2062
16060098,2062
16060192,2061
16060421,2064
16060609,2064
16060824,2064
16061043,2054
16061249,2047
16061301,2048
16061420,2053
16061667,2058
16061737,2059
16061819,2061
16061960,2064
16061914,2071
16062092,2071
16062122,2069
16062103,2055
16062096,2044
16062253,2032
16062218,2029
16062170,2029
16062144,2031
16062021,2032
16062071,2038
16062040,2041
16061926,2049
16061878,2055
16061626,2062
16061597,2063
16061412,2056
16061225,2054
16061062,2053
16060842,2058
16060657,2057
16060398,2056
16060328,2054
16060094,2052
16059714,2044
16059607,2042
16059397,2047
16059078,2053
16058920,2059
16058625,2051
16058425,2055
16058236,2056
16058068,2060
16057901,2063
16057579,2045
16057401,2032
16057219,2030
16057027,2040
16056890,2035
16056735,2033
16056523,2041
16056294,2060
16056140,2076
16055957,2087
16055828,2084
16055802,2069
16055646,2048
16055571,2035
16055335,2028
16055163,2024
16055024,2026
16054927,2037
16054784,2048
16054792,2052
16054540,2056
16054406,2065
16054363,2069
16054222,2068
16054104,2059
16054012,2054
16053946,2054
16053834,2054
16053700,2058
16053552,2052
16053341,2047
16053343,2048
16053052,2047
16053009,2043
16052880,2038
16052727,2038
16052650,2041
16052567,2042
16052416,2039
16052212,2044
16052166,2053
16052074,2060
16051836,2056
16051715,2053
16051718,2058
16051481,2066
16051310,2075
16051228,2081
16051102,2077
16050996,2071
16050869,2067
16050871,2060
16050642,2053
16050445,2050
16050400,2059
16050310,2065
16050116,2068
16049967,2066
16049885,2063
16049753,2063
16049693,2059
16049488,2058
16049322,2056
16049239,2057
16049098,2058
16048927,2057
16048855,2052
16048745,2043
16048577,2027
16048310,2013
16048317,2019
16048233,2036
16048072,2051
16047846,2058
16047856,2058
16047771,2055
16047640,2053
16047508,2056
16047205,2055
16047191,2054
16047150,2053
16046972,2052
16046858,2052
16046662,2048
16046537,2049
16046344,2052
16046285,2052
16046153,2047
16046118,2037
16046009,2036
16045929,2039
16045742,2047
16045578,2056
16045482,2069
16045328,2079
16045265,2066
16045116,2041
16044941,2028
16044741,2030
16044771,2036
16044491,2035
16044451,2031
16044397,2032
16044194,2043
16044005,2063
16043864,2082
16043845,2091
16043621,2088
16043686,2070
16043349,2055
16043177,2047
16043184,2042
16043098,2041
16042866,2043
16042841,2041
16042733,2045
16042541,2045
16042393,2039
16042319,2034
16042194,2033
16041999,2039
16041831,2045
16041679,2044
16041569,2039
16041435,2032
16041335,2024
16041128,2022
16040993,2037
16040769,2051
16040659,2063
16040476,2065
16040313,2062
16040185,2060
16040135,2066
16039884,2063
16039810,2061
16039692,2057
16039470,2047
16039234,2040
16039143,2036
16038935,2040
16038784,2044
16038605,2057
16038458,2069
16038279,2074
16038031,2068
16038000,2059
16037726,2050
16037550,2033
16037404,2029
16037196,2038
16037047,2054
16036913,2070
16036703,2074
16036535,2067
16036403,2051
16036271,2031
16036048,2019
16036030,2016
16035782,2018
16035496,2017
16035495,2013
16035242,2007
16035193,1996
16034996,1989
16034813,1993
16034612,2008
16034441,2030
16034277,2044
16034081,2057
16033949,2057
16033738,2055
16033789,2040
16033612,2019
16033332,2016
16033285,2018
16032983,2022
16032909,2029
16032851,2036
16032699,2038
16032414,2041
16032251,2043
16032178,2044
16031911,2050
16031693,2067
16031529,2083
16031446,2090
16031342,2093
16031000,2091
16030904,2084
16030773,2065
16030644,2047
16030402,2032
16030167,2024
16030120,2024
16029924,2012
16029735,2011
16029689,2024
16029505,2035
16029285,2041
16029083,2044
16029035,2040
16028787,2043
16028637,2043
16028509,2035
16028301,2034
16028176,2037
16027900,2042
16027636,2034
16027670,2015
16027433,1990
16027252,1959
16027126,1918
16026973,1878
16026750,1838
16026578,1808
16026425,1777
16026330,1747
16026120,1719
16025984,1700
16025743,1684
16025552,1689
16025324,1713
16025124,1752
16025019,1797
16024823,1846
16024780,1900
16024624,1947
16024276,1980
16024132,2013
16024071,2053
16023894,2079
16023798,2090
16023643,2095
16023314,2095
16023148,2099
16023100,2102
16022917,2103
16022702,2100
16022595,2093
16022387,2087
16022297,2083
16022069,2089
16021980,2100
16021860,2108
16021703,2111
16021628,2103
16021509,2091
16021258,2087
16021204,2094
16021049,2098
16020788,2093
16020826,2087
16020655,2082
16020475,2088
16020418,2094
16020217,2099
16020056,2101
16019941,2104
16019714,2102
16019649,2096
16019504,2082
16019410,2078
16019205,2084
16018976,2090
16019021,2095
16018887,2094
16018721,2090
16018641,2079
16018518,2075
16018253,2074
16018138,2077
16018032,2079
16017864,2082
16017868,2089
16017611,2097
16017498,2110
16017303,2115
16017161,2115
16017126,2107
16016890,2101
16016818,2093
16016701,2083
16016581,2080
16016341,2089
16016248,2096
16016114,2106
16016025,2102
16015880,2092
16015662,2088
16015728,2071
16015529,2057
16015437,2044
16015386,2047
16015298,2069
16015319,2081
16015299,2088
16015379,2088
16015563,2085
16015553,2082
16015836,2066
16015988,2061
16016370,2050
16016705,2042
16017252,2051
16017784,2059
16018398,2065
16018875,2076
16019530,2071
16020302,2075
16021011,2081
16021979,2087
16022734,2083
16023694,2076
16024680,2071
16025626,2058
16026425,2051
16027556,2048
16028439,2046
16029312,2042
16030247,2045
16031020,2047
16031830,2063
16032659,2079
16033301,2085
16034123,2087
16034747,2085
16035378,2081
16035897,2076
16036505,2070
16037043,2066
16037610,2064
16038219,2061
16038695,2068
16039217,2075
16039530,2078
16040048,2077
16040592,2079
16040969,2084
16041404,2087
16041807,2082
16042154,2070
16042612,2062
16043003,2052
16043427,2040
16043758,2029
16044188,2029
16044481,2029
16044792,2039
16045213,2051
16045577,2057
16045938,2069
16046244,2077
16046658,2076
16047038,2070
16047426,2059
16047753,2052
16047980,2041
16048387,2031
16048718,2025
16049031,2025
16049263,2028
16049570,2033
16050022,2037
16050355,2040
16050555,2041
16050896,2050
16051216,2066
16051595,2083
16051862,2094
16052036,2096
16052461,2090
16052798,2087
16052974,2084
16053175,2075
16053631,2070
16053935,2060
16054105,2049
16054531,2051
16054787,2058
16055035,2063
16055300,2068
16055390,2069
16055646,2070
16055886,2066
16056206,2063
16056489,2057
16056788,2051
16056992,2044
16057251,2042
16057481,2036
16057817,2035
16058081,2034
16058326,2041
16058556,2053
16058707,2048
16059007,2052
16059219,2041
16059561,2040
16059811,2036
16059952,2035
16060120,2035
16060483,2028
16060608,2039
16060898,2035
16061113,2033
16061241,2042
16061417,2047
16061747,2052
16061872,2045
16062132,2055
16062249,2062
16062423,2067
16062741,2060
16062911,2055
16063104,2058
16063294,2057
16063361,2059
16063539,2063
16063711,2065
16063797,2054
16063980,2042
16064181,2044
16064218,2060
16064338,2073
16064474,2070
16064480,2060
16064528,2049
16064631,2038
16064689,2035
16064729,2036
16064837,2034
16064846,2033
16064919,2039
16064876,2051
16064863,2069
16064953,2082
16065009,2086
16064920,2087
16064919,2085
16064835,2084
16064846,2075
16064637,2063
16064600,2048
16064488,2040
16064372,2034
16064166,2032
16063937,2029
16063837,2043
16063686,2048
16063439,2059
16063259,2071
16063128,2080
16063033,2081
16062742,2081
16062402,2076
16062248,2068
16062075,2062
16061933,2059
16061574,2062
16061526,2066
16061228,2074
16061037,2074
16060932,2066
16060515,2053
16060444,2038
16060245,2035
16060173,2041
16059915,2045
16059812,2058
16059603,2067
16059481,2074
16059401,2068
16059298,2057
16059192,2045
16059075,2041
16058875,2040
16058907,2032
16058683,2028
16058767,2024
16058512,2017
16058440,2016
16058474,2022
16058457,2028
16058383,2029
16058243,2030
16058139,2045
16058086,2064
16058042,2071
16057966,2061
16057877,2038
16057836,2024
16057732,2011
16057716,2014
16057652,2030
16057627,2034
16057448,2046
16057333,2030
16057277,2017
16057126,2013
16057071,2009
16056960,2007
16056977,2007
16056821,2025
16056657,2034
16056599,2034
16056483,2042
16056435,2045
16056216,2052
16056146,2059
16055995,2066
16055863,2064
16055713,2057
16055555,2051
16055537,2051
16055451,2052
16055350,2052
16055102,2051
16055066,2053
16054886,2057
16054744,2059
16054653,2062
16054488,2068
16054288,2076
16054117,2079
16054092,2077
16053894,2069
16053679,2059
16053527,2041
16053341,2027
16053271,2026
16053064,2027
16052957,2023
16052802,2021
16052632,2027
16052493,2033
16052309,2043
16052199,2047
16052007,2043
16051774,2028
16051685,2017
16051537,2004
16051482,2000
16051254,2002
16051199,2015
16050912,2034
16050860,2055
16050613,2071
16050464,2076
16050336,2076
16050157,2070
16050068,2054
16049891,2036
16049842,2022
16049649,2017
16049409,2021
16049320,2022
16049126,2021
16048882,2020
16048660,2020
16048464,2027
16048219,2029
16048002,2031
16047842,2030
16047660,2029
16047441,2019
16047299,2025
16047057,2037
16046829,2045
16046640,2053
16046338,2053
16046039,2052
16045850,2046
16045574,2045
16045357,2043
16045203,2038
16044875,2038
16044754,2040
16044497,2041
16044320,2041
16044069,2044
16043923,2055
16043725,2065
16043414,2068
16043240,2067
16043083,2063
16042848,2048
16042700,2036
16042491,2026
16042353,2016
16042095,2008
16041908,2017
16041776,2022
16041653,2033
16041421,2044
16041246,2047
16041121,2058
16040977,2047
16040736,2031
16040596,2016
16040376,2004
16040280,2006
16040075,2011
16039820,2043
16039758,2053
16039648,2045
16039516,2041
16039294,2041
16039167,2040
16038935,2040
16038907,2052
16038715,2061
16038599,2065
16038419,2063
16038274,2051
16038092,2037
16037981,2026
16037793,2023
16037661,2018
16037626,2019
16037469,2025
16037379,2021
16037104,2015
16037025,2018
16036815,2025
16036757,2037
16036569,2044
16036410,2052
16036211,2046
16036114,2034
16035965,2020
16035889,2003
16035712,1989
16035615,1989
16035428,1993
16035241,2001
16035129,2016
16035087,2028
16034912,2034
16034849,2041
16034639,2058
16034600,2068
16034392,2071
16034101,2066
16034037,2062
16033860,2057
16033830,2047
16033728,2032
16033552,2028
16033458,2036
16033306,2047
16032991,2059
16033021,2060
16032930,2055
16032724,2046
16032414,2041
16032408,2036
16032374,2035
16032213,2035
16032119,2035
16031959,2047
16031793,2054
16031647,2061
16031619,2065
16031340,2060
16031320,2056
16031168,2056
16031012,2058
16030840,2059
16030784,2056
16030590,2054
16030395,2050
16030264,2042
16030134,2030
16030028,2014
16029935,1996
16029665,1975
16029667,1946
16029533,1911
16029256,1872
16029136,1830
16029052,1795
16028863,1755
16028691,1721
16028466,1691
16028338,1675
16028090,1675
16028003,1683
16027776,1697
16027693,1713
16027556,1735
16027366,1786
16027264,1849
16027098,1919
16026870,1993
16026688,2038
16026477,2084
16026175,2091
16026209,2088
16026040,2090
16025790,2092
16025756,2099
16025512,2097
16025486,2101
16025349,2091
16024995,2075
16025001,2071
16024799,2066
16024666,2067
16024525,2062
16024229,2065
16024200,2063
16023949,2063
16023844,2071
16023678,2085
16023414,2092
16023280,2101
16023090,2099
16022923,2094
16022785,2091
16022681,2088
16022518,2086
16022311,2095
16022115,2104
16022004,2106
16021840,2108
16021675,2100
16021465,2089
16021353,2082
16021151,2079
16021052,2083
16020866,2087
16020816,2095
16020686,2103
16020522,2102
16020381,2095
16020174,2091
16020030,2087
16019748,2083
16019578,2081
16019404,2079
16019241,2082
16019049,2087
16018983,2089
16018831,2096
16018567,2109
16018389,2121
16018224,2128
16018083,2129
16017891,2118
16017781,2105
16017546,2085
16017327,2070
16017144,2053
16017023,2043
16016724,2040
16016474,2038
16016450,2038
16016345,2044
16016048,2055
16015910,2066
16015974,2064
16015830,2060
16015714,2056
16015765,2057
16015888,2059
16015945,2061
16015979,2063
16016149,2067
16016429,2074
16016696,2082
16017063,2078
16017560,2074
16018161,2074
16018532,2077
16019133,2076
16019733,2070
16020448,2066
16021234,2063
16022031,2067
16022651,2080
16023477,2087
16024428,2088
16025250,2084
16025947,2070
16026826,2059
16027660,2057
16028369,2063
16029132,2064
16029753,2068
16030527,2066
16031226,2059
16031700,2055
16032299,2052
16032896,2059
16033523,2055
16033912,2064
16034464,2049
16034906,2038
16035300,2035
16035832,2038
16036214,2039
16036612,2039
16037034,2063
16037314,2073
16037646,2061
16038140,2045
16038370,2030
16038805,2031
16039090,2037
16039431,2056
16039839,2067
16040202,2064
16040436,2059
16040985,2054
16041286,2045
16041574,2036
16041913,2035
16042146,2039
16042522,2043
16042687,2052
16043024,2058
16043381,2059
16043699,2054
16044027,2047
16044303,2044
16044552,2035
16044897,2031
16045201,2031
16045457,2031
16045670,2039
16046070,2047
16046353,2058
16046660,2064
16046925,2063
16047184,2054
16047442,2042
16047790,2040
16048077,2043
16048325,2040
16048546,2040
16048733,2047
16049124,2057
16049381,2057
16049602,2058
16049849,2054
16050054,2057
16050335,2058
16050695,2054
16050978,2045
16051222,2038
16051399,2036
16051701,2038
16051949,2042
16052229,2050
16052537,2061
16052634,2063
16053036,2060
16053179,2053
16053531,2045
16053768,2038
16053987,2033
16054187,2030
16054329,2028
16054498,2029
16054684,2034
16055039,2037
16055151,2034
16055301,2033
16055522,2037
16055721,2047
16055943,2058
16056043,2063
16056369,2058
16056430,2049
16056548,2042
16056726,2035
16056940,2031
16057028,2031
16057145,2034
16057472,2044
16057642,2053
16057815,2061
16057860,2064
16057972,2063
16058048,2062
16058261,2063
16058424,2058
16058520,2053
16058685,2042
16058716,2034
16058897,2039
16058976,2042
16059123,2052
16059123,2063
16059302,2061
16059357,2074
16059219,2064
16059399,2058
16059429,2053
16059542,2047
16059576,2047
16059373,2040
16059512,2047
16059573,2045
16059509,2041
16059436,2044
16059277,2044
16059349,2040
16059102,2035
16059056,2039
16059041,2038
16058882,2037
16058869,2044
16058669,2047
16058591,2053
16058269,2053
16058129,2051
16058191,2048
16058043,2049
16057903,2052
16057647,2051
16057549,2052
16057348,2056
16057133,2054
16057065,2053
16056884,2048
16056780,2047
16056730,2046
16056633,2039
16056498,2032
16056347,2035
16056154,2037
16056080,2038
16055856,2041
16055725,2044
16055697,2044
16055553,2043
16055434,2044
16055328,2040
16055245,2034
16055139,2040
16055155,2040
16054937,2040
16054904,2050
16054879,2059
16054703,2065
16054622,2059
16054592,2057
16054342,2046
16054380,2043
16054215,2037
16054240,2035
16054031,2035
16053893,2035
16053858,2030
16053772,2017
16053516,2010
16053572,2014
16053365,2026
16053212,2032
16053084,2039
16052994,2051
16052919,2057
16052759,2055
16052736,2048
16052642,2041
16052546,2037
16052388,2039
16052127,2041
16052128,2033
16051952,2021
16051930,2014
16051682,2022
16051671,2040
16051477,2061
16051276,2073
16051251,2076
16051146,2074
16051060,2072
16050817,2069
16050666,2065
16050552,2059
16050415,2053
16050308,2046
16050165,2047
16050092,2045
16050055,2044
16049903,2049
16049779,2053
16049628,2048
16049485,2052
16049515,2043
16049383,2040
16049279,2045
16049107,2043
16049043,2058
16048989,2047
16048769,2038
16048664,2027
16048681,2020
16048573,2023
16048460,2023
16048340,2040
16048213,2042
16048120,2031
16048147,2028
16047913,2030
16047744,2036
16047823,2041
16047760,2045
16047496,2048
16047619,2055
16047398,2058
16047395,2055
16047176,2068
16047219,2069
16047141,2064
16046964,2055
16046831,2042
16046754,2029
16046771,2028
16046646,2041
16046636,2054
16046527,2065
16046412,2072
16046272,2077
16046156,2073
16046078,2071
16045864,2068
16045845,2065
16045682,2058
16045491,2053
16045517,2047
16045386,2045
16045213,2035
16045152,2035
16045003,2039
16044902,2059
16044814,2077
16044713,2091
16044574,2099
16044476,2094
16044248,2086
16044201,2075
16044027,2061
16043970,2039
16043759,2014
16043703,1999
16043638,2007
16043358,2019
16043418,2028
16043332,2034
16043145,2043
16042975,2052
16042839,2065
16042714,2074
16042639,2077
16042502,2074
16042341,2064
16042201,2049
16042202,2036
16042026,2029
16041884,2028
16041850,2031
16041666,2039
16041522,2046
16041388,2053
16041350,2047
16041248,2045
16041124,2051
16041066,2053
16040970,2051
16040806,2049
16040712,2048
16040529,2051
16040472,2051
16040365,2055
16040275,2059
16040027,2069
16040131,2073
16039941,2065
16039768,2056
16039610,2050
16039547,2049
16039420,2047
16039379,2046
16039226,2046
16039185,2049
16039015,2052
16038957,2042
16038770,2039
16038694,2026
16038590,2020
16038432,2013
16038334,1991
16038161,1990
16038081,1986
16037919,1992
16037807,2001
16037746,2011
16037605,2017
16037418,2014
16037241,2015
16036966,2020
16036961,2021
16036808,2024
16036716,2037
16036556,2042
16036459,2042
16036342,2046
16036191,2047
16035921,2047
16035749,2050
16035660,2058
16035455,2061
16035339,2065
16035154,2069
16035055,2070
16034857,2071
16034803,2073
16034543,2072
16034457,2070
16034269,2063
16034095,2060
16033884,2060
16033784,2061
16033596,2060
16033411,2057
16033278,2050
16033049,2049
16032891,2055
16032782,2060
16032499,2067
16032306,2075
16032218,2081
16031941,2081
16031823,2075
16031627,2070
16031389,2064
16031254,2055
16031178,2039
16030926,2026
16030742,2013
16030509,1992
16030433,1969
16030320,1950
16029973,1927
16029794,1895
16029722,1847
16029464,1787
16029199,1715
16029118,1652
16028918,1605
16028827,1590
16028617,1603
16028486,1637
16028244,1679
16027968,1725
16027850,1789
16027554,1860
16027276,1931
16027272,1995
16027095,2043
16026800,2088
16026703,2113
16026575,2123
16026384,2120
16026106,2105
16025949,2085
16025765,2069
16025582,2065
16025476,2075
16025338,2092
16025046,2113
16024896,2130
16024693,2137
16024588,2133
16024295,2122
16024224,2113
16023923,2108
16023764,2113
16023589,2112
16023514,2106
16023291,2101
16023087,2099
16022870,2099
16022728,2096
16022524,2099
16022322,2107
16022185,2109
16021959,2115
16021889,2114
16021636,2110
16021406,2108
16021222,2102
16021088,2110
16020918,2101
16020775,2092
16020607,2087
16020367,2092
16020129,2094
16020134,2096
16019909,2108
16019673,2104
16019551,2095
16019343,2081
16019138,2072
16019023,2074
16018866,2089
16018721,2111
16018492,2122
16018389,2113
16018311,2098
16018133,2082
16017881,2067
16017668,2064
16017619,2069
16017453,2066
16017285,2070
16017160,2086
16016891,2098
16016749,2107
16016635,2113
16016430,2117
16016336,2116
16016093,2109
16015947,2096
16015908,2088
16015640,2088
16015532,2075
16015416,2064
16015326,2053
16015211,2051
16015261,2061
16015102,2067
16015078,2075
16015059,2084
16015254,2089
16015292,2082
16015410,2077
16015719,2077
16015923,2073
16016262,2070
16016560,2069
16017154,2069
16017644,2071
16018231,2075
16018883,2078
16019421,2081
16020219,2082
16021071,2075
16021798,2072
16022617,2073
16023606,2084
16024461,2093
16025457,2095
16026474,2086
16027338,2077
16028390,2065
16029255,2058
16030207,2059
16030989,2068
16031836,2068
16032727,2063
16033492,2056
16034111,2060
16034752,2068
16035522,2069
16036096,2062
16036629,2051
16037139,2051
16037612,2051
16038081,2052
16038690,2060
16039278,2063
16039654,2062
16040031,2059
16040454,2051
16040886,2048
16041223,2048
16041628,2040
16042050,2033
16042487,2036
16042904,2044
16043173,2053
16043514,2059
16043981,2065
16044307,2060
16044534,2048
16044887,2040
16045337,2051
16045642,2058
16045830,2068
16046129,2078
16046439,2074
16046779,2068
16047030,2036
16047498,2017
16047712,2023
16047975,2038
16048252,2061
16048589,2070
16048818,2088
16049115,2087
16049419,2074
16049735,2066
16050084,2056
16050234,2051
16050624,2050
16050862,2051
16051233,2043
16051414,2040
16051661,2039
16051901,2037
16052083,2052
16052430,2073
16052658,2089
16052851,2099
16053216,2094
16053415,2079
16053593,2066
16053837,2062
16053914,2062
16054353,2064
16054429,2063
16054624,2051
16054876,2040
16055090,2034
16055230,2040
16055398,2053
16055622,2067
16055885,2077
16056098,2081
16056234,2076
16056316,2072
16056581,2066
16056715,2061
16056909,2059
16057002,2069
16057189,2080
16057369,2085
16057404,2082
16057596,2071
16057803,2053
16057922,2034
16058147,2019
16058298,2013
16058291,2022
16058382,2030
16058492,2034
16058601,2046
16058705,2057
16058836,2060
16058860,2053
16058923,2044
16059196,2047
16059103,2056
16059146,2065
16059257,2071
16059374,2068
16059317,2073
16059364,2068
16059347,2075
16059317,2075
16059302,2077
16059197,2077
16059129,2072
16059029,2067
16059067,2066
16058937,2071
16058828,2072
16058682,2065
16058518,2057
16058529,2056
16058248,2059
16058180,2061
16057948,2068
16057777,2075
16057690,2076
16057405,2067
16057302,2051
16057056,2038
16056947,2035
16056710,2029
16056706,2037
16056478,2043
16056352,2044
16056151,2047
16055996,2054
16055762,2057
16055621,2058
16055512,2049
16055409,2050
16055270,2059
16054972,2063
16055003,2078
16054948,2066
16054787,2070
16054648,2065
16054447,2062
16054368,2056
16054306,2051
16054103,2056
16054083,2051
16053909,2036
16053819,2027
16053799,2016
16053610,2008
16053612,2009
16053442,2024
16053362,2038
16053289,2053
16053202,2063
16052922,2058
16052963,2054
16052865,2046
16052760,2043
16052620,2046
16052533,2043
16052349,2043
16052319,2039
16052220,2037
16052281,2030
16052188,2029
16052076,2042
16052012,2059
16051791,2068
16051587,2069
16051474,2063
16051331,2055
16051266,2046
16051137,2041
16051026,2045
16050876,2046
16050761,2044
16050655,2041
16050432,2048
16050331,2052
16050229,2054
16050053,2057
16049864,2060
16049814,2060
16049628,2059
16049529,2057
16049314,2057
16049232,2051
16049064,2054
16048858,2059
16048907,2068
16048619,2070
16048564,2067
16048367,2057
16048106,2045
16048032,2040
16048008,2037
16047826,2035
16047594,2037
16047513,2040
16047284,2043
16047273,2043
16047160,2047
16046894,2053
16046778,2047
16046704,2044
16046540,2046
16046423,2050
16046274,2052
16046124,2055
16045946,2057
16045858,2057
16045735,2059
16045692,2061
16045517,2060
16045175,2054
16045263,2035
16045004,2025
16044908,2026
16044666,2036
16044578,2051
16044467,2058
16044358,2055
16044091,2053
16043978,2050
16043786,2052
16043617,2055
16043542,2061
16043341,2071
16043129,2075
16043007,2076
16042844,2064
16042799,2055
16042618,2036
16042431,2023
16042179,2022
16042180,2017
16041993,2032
16041726,2030
16041548,2036
16041415,2043
16041215,2047
16041060,2046
16040823,2041
16040570,2057
16040533,2064
16040273,2065
16040213,2070
16040046,2074
16039895,2071
16039651,2063
16039451,2053
16039282,2035
16039190,2034
16038939,2043
16038815,2051
16038615,2064
16038577,2069
16038323,2066
16038317,2058
16038043,2046
16037942,2043
16037750,2038
16037551,2040
16037524,2044
16037356,2048
16037080,2056
16037003,2061
16036946,2056
16036814,2052
16036577,2045
16036584,2039
16036426,2037
16036168,2042
16036096,2049
16035906,2057
16035813,2061
16035706,2063
16035571,2058
16035356,2054
16035209,2053
16035057,2054
16034981,2056
16034754,2057
16034693,2060
16034535,2052
16034324,2044
16034251,2031
16034119,2029
16033911,2033
16033567,2034
16033524,2033
16033415,2039
16033327,2043
16033107,2046
16033023,2046
16032778,2040
16032637,2031
16032509,2026
16032393,2023
16032155,2021
16032031,2013
16031832,1999
16031786,1998
16031605,2002
16031517,2008
16031368,2018
16031124,2028
16031108,2037
16030854,2050
16030781,2063
16030638,2069
16030464,2065
16030282,2065
16030153,2060
16029880,2058
16029845,2057
16029610,2053
16029476,2044
16029324,2039
16029161,2042
16029039,2048
16028883,2055
16028766,2062
16028558,2059
16028476,2056
16028300,2055
16028145,2050
16028065,2046
16027912,2050
16027659,2059
16027571,2056
16027418,2058
16027214,2051
16026994,2049
16026921,2054
16026686,2041
16026454,2051
16026307,2043
16026176,2042
16026099,2042
16025844,2035
16025713,2026
16025552,2021
16025313,2028
16025283,2018
16024963,1996
16024886,1966
16024692,1929
16024408,1888
16024276,1844
16024061,1805
16023890,1759
16023669,1709
16023606,1664
16023461,1626
16023180,1605
16022970,1602
16022935,1616
16022592,1647
16022611,1687
16022322,1739
16022164,1805
16021877,1873
16021791,1936
16021478,1979
16021502,2020
16021204,2058
16021070,2087
16020864,2102
16020671,2102
16020421,2095
16020407,2085
16020200,2081
16019929,2081
16019859,2081
16019642,2087
16019375,2091
16019280,2092
16019221,2093
16018911,2101
16018848,2110
16018680,2119
16018485,2126
16018274,2130
16017931,2131
16017888,2135
16017666,2132
16017359,2125
16017181,2116
16017164,2101
16016897,2091
16016617,2086
16016491,2079
16016146,2070
16016207,2067
16015960,2069
16015794,2074
16015622,2074
16015456,2079
16015235,2081
16015152,2094
16014906,2109
16014641,2122
16014578,2121
16014351,2117
16014241,2097
16014062,2081
16013819,2074
16013611,2072
16013366,2071
16013225,2072
16013081,2077
16012904,2083
16012648,2085
16012472,2083
16012280,2078
16012153,2070
16011974,2072
16011810,2071
16011674,2076
16011504,2079
16011276,2081
16011104,2083
16010857,2081
16010549,2078
16010364,2078
16010196,2076
16010007,2081
16009892,2085
16009646,2085
16009487,2075
16009234,2067
16009026,2052
16008888,2054
16008772,2065
16008675,2067
16008466,2082
16008363,2081
16008258,2079
16008326,2079
16008325,2078
16008232,2077
16008386,2065
16008512,2063
16008778,2050
16009002,2030
16009287,2022
16009784,2019
16010261,2028
16010960,2041
16011573,2052
16012251,2044
16013025,2030
16013828,2023
16014660,2035
16015600,2056
16016617,2066
16017511,2068
16018571,2068
16019590,2062
16020666,2055
16021724,2050
16022817,2040
16023849,2029
16024950,2027
16025792,2023
16026687,2036
16027595,2034
16028517,2038
16029256,2046
16030001,2058
16030660,2061
16031234,2057
16031902,2047
16032501,2041
16033121,2052
16033535,2066
16034013,2077
16034466,2084
16035025,2082
16035351,2070
16035825,2060
16036061,2056
16036474,2054
16036843,2052
16037316,2045
16037478,2042
16037912,2052
16038091,2067
16038426,2071
16038640,2062
16038975,2047
16039221,2037
16039436,2029
16039697,2026
16039936,2026
16040177,2037
16040541,2045
16040644,2050
16041003,2048
16041123,2043
16041432,2035
16041591,2029
16041879,2026
16042133,2027
16042343,2026
16042644,2031
16042767,2036
16042908,2039
16043223,2036
16043475,2039
16043703,2053
16043806,2061
16044075,2075
16044241,2089
16044417,2088
16044659,2083
16044879,2069
16045135,2052
16045397,2034
16045439,2024
16045624,2020
16045875,2021
16046171,2021
16046252,2024
16046495,2035
16046681,2048
16046843,2063
16047045,2070
16047197,2062
16047362,2039
16047593,2027
16047784,2018
16047838,2015
16048042,2024
16048159,2024
16048340,2043
16048519,2035
16048772,2029
16048962,2022
16049137,2016
16049288,2016
16049377,2009
16049493,2021
16049687,2029
16049870,2033
16049927,2041
16050063,2043
16050272,2039
16050393,2029
16050442,2031
16050512,2039
16050609,2049
16050701,2067
16050742,2074
16050848,2077
16050914,2085
16050985,2083
16050977,2067
16051050,2044
16051125,2022
16051068,2010
16051069,2011
16051020,2016
16050977,2021
16050985,2028
16050826,2032
16050928,2050
16050824,2053
16050826,2051
16050732,2049
16050563,2041
16050518,2036
16050400,2030
16050209,2033
16050203,2034
16049942,2035
16049790,2045
16049655,2057
16049569,2062
16049427,2058
16049136,2045
16048992,2035
16048770,2035
16048626,2051
16048441,2060
16048259,2060
16048091,2055
16047968,2055
16047832,2051
16047631,2048
16047563,2035
16047290,2024
16047120,2016
16047033,2014
16046925,2011
16046770,2014
16046625,2018
16046296,2028
16046275,2032
16046183,2040
16046096,2039
16045955,2039
16045803,2040
16045703,2039
16045629,2034
16045545,2027
16045412,2017
16045397,2001
16045130,1990
16045125,1984
16045059,1996
16044929,2010
16044822,2016
16044706,2010
16044618,2000
16044504,1989
16044364,1994
16044374,2012
16044266,2028
16044032,2036
16043899,2036
16043909,2034
16043815,2041
16043613,2051
16043557,2056
16043396,2055
16043262,2051
16043246,2041
16043098,2032
16042988,2022
16042786,2014
16042776,2004
16042610,1998
16042442,1996
16042260,1984
16042131,1996
16042177,1990
16041942,1994
16041856,2002
16041725,2016
16041598,2027
16041450,2029
16041249,2034
16041244,2027
16041023,2012
16040804,2007
16040658,2000
16040599,2008
16040325,2016
16040360,2024
16040137,2032
16040030,2029
16039827,2025
16039718,2025
16039516,2025
16039328,2015
16039127,2007
16039061,2008
16038882,2024
16038679,2039
16038514,2042
16038448,2032
16038159,2017
16038071,2012
16037866,2008
16037626,2006
16037419,2007
16037297,2006
16037121,1999
16036862,2000
16036729,2002
16036609,1996
16036324,1991
16036188,1994
16035994,2012
16035720,2030
16035583,2039
16035359,2037
16035143,2019
16034932,2003
16034727,2006
16034564,2024
16034361,2033
16034022,2031
16033912,2023
16033710,2017
16033448,2019
16033174,2021
16032984,2028
16032740,2038
16032629,2044
16032336,2049
16032061,2041
16031911,2031
16031673,2023
16031440,2027
16031224,2031
16030953,2035
16030758,2030
16030496,2026
16030386,2018
16030068,2001
16029830,1983
16029646,1975
16029426,1970
16029172,1972
16029035,1973
16028868,1986
16028651,1997
16028466,2014
16028236,2020
16028167,2021
16028141,2018
16027931,2014
16027747,2029
16027662,2036
16027367,2023
16027123,2001
16026949,1995
16026714,2005
16026483,2015
16026232,2028
16026065,2048
16025910,2060
16025736,2066
16025595,2068
16025458,2063
16025167,2053
16025114,2039
16024939,2023
16024665,2016
16024586,2004
16024405,1997
16024180,2008
16023911,2017
16023774,2040
16023663,2047
16023473,2054
16023282,2049
16023286,2036
16023145,2025
16022988,2020
16022805,2020
16022620,2007
16022472,1999
16022340,1994
16022126,1987
16022025,1979
16021826,1976
16021773,1988
16021723,2000
16021543,2009
16021380,2020
16021121,2038
16021068,2056
16020950,2065
16020726,2061
16020737,2049
16020594,2040
16020449,2044
16020257,2053
16020135,2055
16020056,2049
16019822,2039
16019665,2022
16019571,2012
16019480,2017
16019275,2031
16019046,2045
16018908,2064
16018835,2079
16018741,2081
16018619,2073
16018619,2067
16018458,2064
16018284,2071
16018163,2076
16017949,2075
16018003,2077
16017751,2082
16017706,2079
16017556,2069
16017498,2061
16017343,2053
16017070,2057
16017012,2053
16017016,2046
16016722,2036
16016750,2030
16016512,2025
16016476,2019
16016469,2004
16016294,1982
16016132,1952
16016011,1918
16015851,1880
16015770,1839
16015617,1792
16015471,1751
16015446,1710
16015174,1679
16015127,1666
16014898,1669
16014754,1684
16014654,1712
16014567,1748
16014335,1795
16014309,1837
16014094,1890
16014075,1943
16013891,1994
16013790,2039
16013755,2066
16013543,2077
16013269,2085
16013200,2089
16013067,2089
16012993,2085
16012918,2081
16012793,2079
16012614,2077
16012646,2072
16012450,2071
16012378,2065
16012237,2064
16012135,2055
16012047,2039
16011893,2029
16011875,2035
16011767,2040
16011729,2057
16011567,2064
16011541,2069
16011419,2085
16011382,2085
16011209,2094
16011175,2082
16011097,2072
16011010,2063
16010999,2060
16010813,2069
16010778,2074
16010731,2097
16010731,2106
16010573,2099
16010531,2092
16010436,2078
16010473,2073
16010381,2080
16010235,2092
16010230,2091
16010257,2083
16010171,2068
16010023,2062
16009902,2062
16009990,2061
16009798,2061
16009687,2065
16009681,2068
16009628,2072
16009427,2073
16009350,2068
16009300,2063
16009213,2062
16009261,2064
16009170,2060
16008952,2056
16008840,2052
16008833,2046
16008616,2046
16008466,2059
16008380,2073
16008202,2087
16008135,2090
16007911,2078
16007920,2062
16007904,2045
16007827,2044
16007807,2053
16007699,2063
16007678,2066
16007705,2063
16007831,2065
16007832,2072
16008036,2086
16008118,2097
16008510,2100
16008745,2094
16009074,2081
16009625,2066
16010099,2060
16010734,2052
16011178,2046
16011816,2042
16012562,2039
16013224,2044
16014105,2049
16014938,2054
16015804,2053
16016622,2039
16017696,2016
16018559,1993
16019498,1975
16020463,1970
16021378,1982
16022394,2005
16023228,2026
16024090,2040
16024940,2043
16025591,2043
16026236,2045
16026944,2051
16027619,2053
16028249,2039
16028921,2019
16029397,2001
16029917,2000
16030392,2003
16030868,2011
16031313,2022
16031850,2035
16032190,2053
16032512,2058
16032870,2055
16033271,2045
16033536,2036
16033859,2026
16034182,2013
16034517,2004
16034700,2000
16035093,2013
16035328,2028
16035638,2049
16035875,2067
16036267,2062
16036432,2063
16036696,2047
16036974,2036
16037144,2026
16037390,2020
16037685,2016
16037926,2011
16038089,2023
16038442,2024
16038769,2023
16038930,2033
16039196,2036
16039434,2034
16039682,2026
16039980,2030
16040306,2031
16040633,2038
16040843,2037
16041185,2038
16041453,2044
16041760,2053
16041998,2062
16042396,2055
16042768,2035
16043037,2017
16043389,2008
16043689,2004
16044091,2006
16044370,2008
16044784,2008
16045177,2017
16045496,2036
16045858,2043
16046201,2043
16046445,2037
16046687,2038
16047140,2040
16047459,2047
16047894,2057
16048204,2061
16048557,2060
16048820,2053
16049183,2043
16049329,2045
16049739,2046
16050103,2048
16050385,2054
16050671,2064
16050977,2069
16051266,2061
16051471,2043
16051840,2021
16052045,2007
16052385,2005
16052554,2012
16052775,2017
16053072,2016
16053309,2016
16053538,2027
16053753,2046
16053865,2062
16054124,2065
16054369,2067
16054416,2069
16054728,2070
16054888,2070
16054952,2065
16055269,2056
16055232,2043
16055295,2043
16055440,2044
16055620,2058
16055745,2068
16055771,2073
16055842,2078
16055937,2082
16055875,2086
16055895,2095
16055914,2104
16055973,2103
16055978,2091
16055850,2067
16055823,2045
16055724,2035
16055729,2033
16055598,2031
16055524,2041
16055407,2058
16055261,2072
16055074,2089
16055122,2102
16055007,2100
16054602,2095
16054501,2077
16054471,2044
16054327,2024
16054032,2013
16053852,2008
16053640,2010
16053389,2010
16053315,2031
16053053,2025
16052911,2016
16052732,2018
16052631,2040
16052375,2061
16052249,2069
16052066,2085
16051932,2082
16051649,2078
16051662,2082
16051454,2082
16051370,2085
16051265,2088
16051089,2092
16050940,2073
16050785,2052
16050645,2035
16050450,2030
16050330,2029
16050298,2035
16050112,2035
16049816,2042
16049828,2057
16049633,2069
16049445,2079
16049155,2085
16049089,2081
16048975,2065
16048727,2056
16048552,2067
16048454,2087
16048144,2113
16048030,2137
16047810,2137
16047649,2103
16047542,2059
16047368,2023
16047145,2009
16047001,2012
16046901,2025
16046476,2044
16046420,2065
16046212,2082
16045915,2090
16045947,2081
16045630,2060
16045551,2046
16045292,2051
16045255,2052
16045046,2052
16044999,2048
16044622,2043
16044501,2042
16044390,2056
16044217,2063
16044039,2062
16043948,2059
16043763,2052
16043693,2061
16043491,2069
16043290,2076
16043290,2066
16043144,2041
16043068,2037
16042932,2054
16042784,2079
16042592,2089
16042536,2088
16042459,2083
16042256,2075
16042203,2067
16042061,2066
16041899,2073
16041760,2076
16041561,2070
16041519,2066
16041336,2058
16041041,2063
16040969,2067
16040894,2067
16040669,2062
16040548,2051
16040397,2046
16040075,2059
16040044,2074
16039809,2081
16039709,2073
16039503,2068
16039278,2064
16039132,2064
16038939,2062
16038754,2060
16038511,2057
16038343,2050
16038188,2054
16038001,2062
16037775,2073
16037651,2084
16037453,2075
16037343,2069
16037133,2040
16036996,2031
16036795,2026
16036689,2029
16036590,2036
16036397,2037
16036325,2061
16036275,2072
16035988,2069
16035919,2060
16035697,2043
16035664,2039
16035374,2045
16035162,2063
16035152,2069
16035037,2074
16034851,2081
16034800,2077
16034544,2073
16034405,2062
16034265,2064
16034045,2072
16033980,2075
16034024,2083
16033709,2077
16033602,2065
16033396,2046
16033285,2030
16033218,2021
16032936,2027
16032895,2046
16032698,2066
16032592,2079
16032466,2091
16032368,2102
16032199,2103
16032022,2089
16031865,2065
16031749,2053
16031709,2046
16031561,2042
16031402,2039
16031323,2039
16031144,2046
16031065,2061
16030971,2073
16030689,2078
16030636,2085
16030519,2083
16030340,2075
16030196,2064
16030109,2060
16029926,2063
16029832,2057
16029610,2051
16029451,2048
16029387,2058
16029218,2064
16029080,2069
16028858,2064
16028828,2050
16028642,2036
16028552,2029
16028326,2024
16028214,2017
16028103,2016
16027875,2016
16027841,2023
16027627,2025
16027685,2015
16027354,2007
16027201,2013
16027087,2034
16027034,2051
16026963,2069
16026803,2078
16026618,2075
16026479,2063
16026385,2047
16026248,2031
16026135,2018
16025940,2018
16025919,2032
16025792,2057
16025614,2071
16025518,2081
16025348,2091
16025412,2099
16025221,2106
16025062,2102
16024978,2091
16024789,2086
16024816,2088
16024583,2082
16024476,2083
16024370,2078
16024296,2074
16024247,2069
16024001,2057
16023916,2065
16023842,2055
16023722,2055
16023517,2060
16023430,2070
16023255,2080
16023296,2082
16023185,2102
16023053,2110
16023013,2104
16022969,2105
16022766,2107
16022596,2099
16022412,2090
16022318,2086
16022360,2059
16022157,2040
16022070,2009
16021814,1972
16021762,1937
16021633,1901
16021495,1862
16021325,1817
16021149,1767
16020991,1724
16020999,1685
16020835,1653
16020669,1635
16020543,1632
16020377,1645
16020129,1670
16019862,1705
16019773,1765
16019553,1847
16019370,1932
16019068,2003
16018924,2062
16018625,2099
16018427,2125
16018341,2143
16018115,2148
16017813,2150
16017621,2152
16017365,2149
16017182,2142
16016841,2136
16016712,2135
16016377,2130
16016268,2121
16016048,2115
16015791,2109
16015716,2104
16015511,2109
16015241,2120
16015147,2129
16014793,2127
16014688,2119
16014416,2114
16014278,2119
16014080,2119
16014004,2113
16013707,2102
16013577,2089
16013376,2085
16013189,2092
16013002,2099
16012800,2102
16012493,2103
16012356,2108
16012104,2117
16011949,2121
16011739,2125
16011526,2122
16011227,2118
16011081,2111
16010834,2103
16010682,2099
16010426,2097
16010173,2101
16009936,2106
16009778,2116
16009511,2124
16009312,2135
16009021,2143
16008666,2136
16008460,2122
16008199,2105
16007801,2084
16007647,2070
16007352,2063
16007032,2065
16006872,2076
16006571,2094
16006270,2105
16006124,2106
16005824,2108
16005564,2096
16005305,2088
16005019,2092
16004736,2101
16004525,2115
16004296,2103
16004114,2096
16003839,2098
16003769,2109
16003569,2113
16003287,2103
16003209,2097
16003210,2078
16003197,2056
16003126,2052
16003213,2064
16003215,2076
16003488,2090
16003679,2095
16003998,2085
16004338,2071
16004875,2065
16005450,2071
16005969,2083
16006700,2088
16007358,2087
16008271,2085
16009167,2085
16009946,2094
16010954,2097
16011934,2089
16012849,2081
16014078,2075
16015153,2077
16016161,2083
16017251,2089
16018295,2095
16019255,2099
16020206,2099
16021117,2097
16022119,2092
16022772,2074
16023756,2059
16024342,2055
16025174,2058
16025826,2060
16026453,2058
16027079,2053
16027675,2047
16028105,2047
16028737,2055
16029245,2066
16029630,2062
16030131,2062
16030509,2062
16030982,2062
16031368,2060
16031794,2057
16032199,2055
16032475,2053
16032910,2050
16033168,2061
16033721,2076
16034008,2098
16034232,2116
16034616,2118
16034961,2116
16035250,2106
16035571,2092
16035855,2080
16036114,2075
16036496,2074
16036708,2071
16037013,2058
16037239,2042
16037599,2035
16037826,2043
16038164,2061
16038463,2075
16038701,2079
16038993,2074
16039198,2065
16039504,2057
16039770,2060
16040079,2069
16040188,2070
16040472,2065
16040743,2061
16041015,2061
16041238,2065
16041476,2071
16041625,2068
16041951,2067
16042168,2066
16042440,2066
16042550,2067
16042802,2076
16043060,2084
16043421,2083
16043628,2089
16043787,2086
16044029,2084
16044301,2079
16044507,2070
16044612,2077
16044870,2068
16045095,2066
16045305,2061
16045502,2059
16045842,2046
16046016,2043
16046209,2062
16046355,2071
16046457,2067
16046711,2063
16046892,2055
16047105,2045
16047256,2047
16047437,2058
16047663,2059
16047862,2056
16047905,2057
16048091,2057
16048205,2057
16048395,2052
16048417,2046
16048663,2042
16048719,2044
16048849,2052
16048989,2055
16049052,2057
16049186,2060
16049194,2067
16049281,2077
16049355,2075
16049333,2075
16049427,2078
16049501,2088
16049520,2101
16049468,2109
16049491,2113
16049461,2109
16049447,2103
16049446,2088
16049391,2069
16049303,2055
16049181,2050
16049129,2054
16049088,2055
16048975,2059
16048930,2064
16048722,2058
16048548,2053
16048503,2039
16048317,2037
16048094,2041
16047937,2043
16047726,2045
16047612,2044
16047340,2036
16047318,2036
16047028,2035
16046881,2036
16046755,2043
16046549,2051
16046441,2053
16046303,2047
16046155,2040
16045929,2047
16045832,2064
16045755,2078
16045607,2082
16045413,2068
16045365,2046
16045334,2028
16045203,2020
16045058,2018
16045065,2020
16045012,2032
16044830,2040
16045012,2057
16044828,2069
16044706,2076
16044723,2077
16044732,2070
16044577,2057
16044584,2039
16044546,2026
16044505,2018
16044542,2019
16044545,2019
16044563,2023
16044530,2035
16044515,2045
16044416,2053
16044439,2053
16044310,2056
16044235,2062
16044335,2051
16044341,2044
16044315,2042
16044275,2048
16044051,2061
16044091,2059
16044085,2063
16044058,2061
16044086,2056
16044045,2054
16043946,2061
16043907,2055
16043823,2051
16043753,2042
16043655,2037
16043637,2045
16043633,2043
16043619,2046
16043431,2038
16043444,2026
16043318,2025
16043140,2029
16043016,2039
16043040,2054
16042969,2064
16042856,2058
16042682,2044
16042624,2037
16042482,2031
16042392,2032
16042272,2048
16042169,2059
16042073,2058
16042056,2039
16041998,2023
16041799,2016
16041694,2019
16041515,2027
16041384,2038
16041221,2050
16041192,2057
16040935,2061
16040835,2067
16040754,2076
16040542,2077
16040479,2067
16040260,2052
16040128,2036
16040018,2030
16039952,2036
16039699,2044
16039610,2047
16039400,2056
16039240,2060
16039141,2053
16039066,2048
16038891,2048
16038662,2054
16038440,2062
16038420,2065
16038384,2054
16038260,2049
16037968,2059
16037866,2069
16037591,2074
16037576,2067
16037421,2050
16037288,2040
16037043,2025
16036963,2016
16036817,2012
16036521,2011
16036344,2012
16036246,2017
16036021,2020
16036016,2017
16035983,2012
16035747,2011
16035529,2015
16035465,2023
16035154,2030
16035106,2038
16034911,2042
16034845,2046
16034656,2044
16034447,2033
16034216,2026
16034161,2027
16034111,2034
16033885,2047
16033724,2059
16033559,2059
16033431,2063
16033360,2069
16033027,2076
16032919,2079
16032775,2079
16032633,2079
16032540,2066
16032215,2047
16032216,2021
16032025,2011
16031814,2004
16031540,2008
16031374,2022
16031240,2029
16031051,2052
16030907,2047
16030585,2044
16030524,2037
16030477,2027
16030254,2017
16030098,2016
16029995,2031
16029663,2038
16029588,2043
16029381,2051
16029328,2047
16029054,2040
16028874,2031
16028714,2034
16028541,2055
16028493,2062
16028216,2066
16028091,2067
16028015,2064
16027788,2055
16027631,2051
16027467,2049
16027231,2045
16027186,2036
16026899,2031
16026894,2037
16026698,2045
16026563,2052
16026417,2045
16026186,2039
16025992,2028
16025697,2006
16025614,1991
16025494,1994
16025270,2017
16025112,2043
16024935,2055
16024870,2044
16024692,2022
16024506,2005
16024311,1997
16024164,1997
16024070,2000
16023866,2010
16023682,2019
16023533,2015
16023279,2014
16023163,2020
16022987,2031
16022778,2042
16022654,2051
16022442,2064
16022235,2078
16022115,2090
16021916,2095
16021640,2100
16021599,2105
16021491,2104
16021353,2091
16021044,2068
16021015,2035
16020721,2022
16020647,2033
16020439,2055
16020340,2075
16020159,2074
16020008,2066
16019687,2051
16019595,2037
16019392,2030
16019312,2032
16019186,2043
16018985,2060
16018792,2074
16018645,2081
16018369,2087
16018208,2068
16017980,2031
16017904,2003
16017870,1987
16017669,1976
16017547,1962
16017383,1941
16017181,1916
16017049,1887
16016798,1850
16016773,1795
16016544,1726
16016336,1674
16016279,1639
16016112,1615
16015875,1594
16015779,1582
16015601,1591
16015444,1637
16015187,1697
16015150,1757
16015038,1823
16014789,1887
16014686,1968
16014435,2018
16014302,2062
16014075,2090
16014040,2097
16013877,2097
16013628,2091
16013463,2097
16013338,2100
16013166,2089
16013034,2085
16012931,2079
16012616,2080
16012583,2077
16012485,2081
16012222,2106
16012022,2123
16011910,2125
16011833,2115
16011620,2109
16011410,2115
16011364,2124
16010980,2130
16010816,2119
16010622,2105
16010471,2099
16010389,2100
16010171,2100
16009948,2098
16009846,2103
16009472,2110
16009420,2116
16009252,2123
16009000,2125
16008874,2121
16008714,2110
16008469,2100
16008286,2086
16008061,2074
16007995,2072
16007728,2071
16007574,2071
16007398,2076
16007256,2073
16007109,2071
16007039,2075
16006989,2084
16006737,2084
16006484,2075
16006440,2071
16006350,2077
16006146,2089
16006013,2107
16005883,2118
16005700,2124
16005510,2119
16005288,2099
16005060,2087
16005008,2080
16004878,2075
16004742,2072
16004527,2069
16004393,2071
16004121,2077
16004131,2082
16003909,2083
16003727,2082
16003655,2084
16003446,2091
16003348,2094
16003293,2093
16003125,2091
16003014,2086
16003008,2074
16002944,2068
16002966,2067
16003112,2066
16003091,2060
16003217,2057
16003591,2059
16003784,2059
16004330,2061
16004583,2064
16005178,2070
16005623,2067
16006335,2065
16007048,2066
16007760,2060
16008657,2054
16009437,2053
16010176,2052
16011125,2051
16012165,2056
16013174,2064
16014205,2063
16015230,2066
16016329,2053
16017257,2044
16018275,2044
16019231,2035
16020172,2050
16021071,2059
16021866,2072
16022632,2075
16023589,2070
16024303,2059
16024771,2055
16025495,2059
16026166,2052
16026695,2048
16027266,2050
16027727,2050
16028269,2055
16028555,2055
16029032,2056
16029485,2046
16029875,2032
16030266,2020
16030660,2013
16031000,2014
16031311,2019
16031687,2028
16032000,2042
16032428,2052
16032688,2053
16032970,2053
16033390,2053
16033672,2053
16033934,2053
16034278,2054
16034391,2056
16034781,2057
16034896,2056
16035240,2056
16035562,2048
16035865,2038
16036025,2027
16036345,2024
16036506,2033
16036929,2043
16037193,2049
16037376,2052
16037568,2053
16037796,2060
16038097,2069
16038342,2075
16038615,2078
16038878,2081
16039091,2084
16039384,2082
16039564,2081
16039806,2076
16040089,2072
16040197,2065
16040507,2065
16040841,2064
16040988,2064
16041240,2066
16041461,2078
16041655,2087
16041977,2081
16042155,2064
16042503,2045
16042754,2035
16042925,2031
16043105,2034
16043313,2038
16043680,2031
16043958,2021
16044127,2016
16044511,2020
16044755,2033
16045029,2042
16045282,2052
16045594,2056
16045814,2051
16045996,2047
16046303,2049
16046463,2051
16046810,2054
16047020,2057
16047135,2055
16047335,2054
16047624,2045
16047841,2043
16048058,2048
16048301,2051
16048467,2057
16048612,2059
16048913,2055
16049088,2052
16049311,2048
16049516,2050
16049603,2057
16049754,2054
16050031,2062
16050151,2052
16050236,2048
16050380,2055
16050557,2052
16050622,2064
16050769,2048
16050752,2039
16050751,2037
16050812,2042
16050887,2049
16050735,2061
16050850,2079
16050854,2083
16050902,2081
16050929,2076
16050801,2073
16050726,2072
16050653,2065
16050662,2062
16050548,2063
16050450,2059
16050281,2049
16050228,2041
16050160,2041
16050032,2039
16049970,2045
16049662,2046
16049564,2047
16049494,2058
16049293,2065
16049323,2076
16049170,2081
16049024,2081
16049027,2078
16048994,2080
16048908,2079
16048709,2077
16048583,2075
16048431,2073
16048463,2063
16048384,2055
16048240,2053
16048225,2058
16048157,2059
16048003,2054
16048021,2052
16047884,2050
16047828,2053
16047904,2061
16047840,2067
16047721,2067
16047762,2066
16047598,2053
16047546,2039
16047605,2032
16047438,2042
16047401,2056
16047362,2067
16047134,2070
16047183,2069
16047085,2067
16047016,2072
16046996,2077
16046815,2083
16046792,2090
16046704,2088
16046554,2076
16046429,2059
16046385,2045
16046305,2046
16046123,2046
16045924,2047
16045810,2046
16045823,2049
16045621,2047
16045542,2042
16045452,2037
16045357,2046
16045277,2050
16045116,2057
16045066,2063
16044887,2070
16044757,2078
16044666,2087
16044447,2086
16044382,2074
16044179,2059
16044062,2048
16044093,2040
16043869,2040
16043874,2041
16043700,2046
16043616,2052
16043571,2060
16043443,2069
16043428,2072
16043319,2069
16043166,2065
16043058,2059
16042945,2060
16042932,2053
16042764,2051
16042566,2058
16042547,2057
16042361,2068
16042298,2060
16042123,2051
16042008,2048
16041970,2047
16041854,2050
16041628,2055
16041490,2065
16041404,2071
16041387,2064
16041268,2062
16041225,2052
16041085,2056
16040815,2057
16040736,2058
16040612,2066
16040467,2065
16040412,2063
16040283,2063
16040006,2070
16039973,2081
16039847,2084
16039664,2086
16039539,2089
16039356,2084
16039257,2079
16039241,2071
16039038,2068
16038942,2071
16038843,2070
16038629,2068
16038540,2071
16038414,2063
16038241,2056
16038263,2053
16037947,2053
16037693,2060
16037619,2068
16037413,2076
16037368,2078
16037220,2072
16037016,2060
16036838,2040
16036653,2038
16036517,2047
16036288,2064
16036020,2071
16035908,2074
16035776,2078
16035657,2083
16035385,2086
16035125,2087
16034868,2082
16034749,2075
16034578,2068
16034309,2062
16034124,2055
16033957,2052
16033714,2050
16033404,2052
16033231,2051
16032966,2046
16032702,2047
16032444,2051
16032260,2055
16031914,2064
16031768,2071
16031593,2081
16031263,2090
16030982,2093
16030742,2093
16030699,2085
16030435,2077
16030115,2070
16030180,2065
16029946,2063
16029666,2061
16029567,2057
16029381,2058
16029394,2057
16029172,2057
16029043,2059
16028783,2059
16028791,2060
16028640,2063
16028462,2067
16028373,2066
16028361,2055
16028214,2044
16028072,2036
16027904,2036
16027872,2031
16027790,2031
16027700,2034
16027571,2023
16027546,2019
16027349,2014
16027271,2012
16027329,2016
16027186,2009
16027037,2021
16027018,2012
16026849,2007
16026838,2012
16026687,2020
16026692,2032
16026582,2041
16026542,2061
16026357,2073
16026301,2070
16026289,2074
16026209,2073
16026116,2078
16026012,2079
16026007,2075
16025858,2074
16025647,2069
16025525,2071
16025432,2074
16025435,2085
16025311,2093
16025183,2101
16025008,2102
16024894,2097
16024834,2090
16024683,2085
16024588,2077
16024489,2067
16024361,2063
16024230,2059
16024063,2059
16023977,2058
16023684,2065
16023490,2069
16023548,2068
16023354,2067
16023240,2065
16023122,2063
16022999,2057
16022743,2044
16022677,2028
16022626,2007
16022459,1977
16022249,1950
16022023,1918
16022022,1879
16021900,1829
16021817,1770
16021623,1717
16021611,1674
16021387,1634
16021256,1608
16021264,1599
16021210,1610
16021045,1652
16021003,1714
16021089,1782
16021049,1844
16020835,1904
16020821,1960
16020762,2001
16020842,2029
16020667,2050
16020765,2063
16020671,2075
16020638,2081
16020675,2092
16020610,2106
16020638,2125
16020692,2134
16020564,2134
16020581,2130
16020550,2123
16020541,2120
16020594,2116
16020590,2104
16020381,2094
16020404,2089
16020362,2091
16020326,2097
16020175,2095
16020228,2094
16020186,2095
16020140,2095
16020090,2089
16019997,2079
16019969,2083
16019909,2091
16019788,2103
16019786,2114
16019571,2117
16019513,2117
16019429,2113
16019222,2103
16019178,2095
16019035,2093
16018872,2087
16018828,2088
16018695,2094
16018434,2090
16018272,2102
16018202,2093
16018134,2089
16018004,2085
16017888,2081
16017733,2073
16017543,2069
16017443,2078
16017215,2084
16017128,2083
16017017,2081
16016830,2077
16016633,2084
16016570,2085
16016356,2087
16016107,2087
16015950,2083
16015854,2085
16015779,2083
16015757,2079
16015496,2069
16015443,2058
16015407,2051
16015239,2052
16015072,2055
16015027,2062
16014974,2070
16014795,2072
16014794,2070
16014750,2072
16014563,2083
16014667,2097
16014718,2110
16014710,2113
16014833,2102
16014953,2089
16015033,2078
16015360,2069
16015564,2066
16015860,2062
16016244,2067
16016793,2071
16017199,2073
16017904,2077
16018470,2077
16019134,2077
16019939,2072
16020561,2062
16021242,2050
16022222,2041
16023067,2036
16023997,2037
16024940,2039
16025765,2040
16026818,2045
16027683,2052
16028556,2058
16029421,2059
16030344,2054
16031332,2048
16032164,2043
16032977,2053
16033678,2066
16034362,2073
16034994,2071
16035657,2061
16036186,2048
16036808,2040
16037366,2043
16037814,2050
16038262,2063
16038863,2077
16039220,2085
16039688,2081
16040175,2063
16040632,2042
16041173,2032
16041462,2032
16041800,2037
16042307,2047
16042703,2057
16043061,2054
16043407,2034
16043871,2017
16044221,2004
16044449,1999
16045004,2003
16045357,2011
16045711,2021
16045992,2018
16046285,2014
16046704,2015
16047066,2011
16047428,2009
16047760,2005
16047999,2012
16048350,2019
16048675,2032
16048954,2043
16049246,2036
16049623,2039
16049910,2032
16050183,2029
16050345,2031
16050822,2039
16050984,2045
16051335,2044
16051578,2055
16051934,2059
16052182,2050
16052438,2043
16052645,2034
16052962,2030
16053139,2035
16053386,2044
16053592,2046
16053957,2046
16054163,2039
16054336,2038
16054650,2034
16055012,2032
16055144,2027
16055446,2023
16055668,2025
16055713,2030
16055962,2034
16056352,2038
16056430,2045
16056595,2052
16056779,2056
16057016,2061
16057312,2068
16057431,2084
16057490,2089
16057808,2076
16057952,2052
16058087,2030
16058140,2014
16058390,2006
16058538,2009
16058684,2017
16058925,2026
16058926,2034
16059086,2038
16059267,2039
16059395,2042
16059501,2047
16059583,2057
16059688,2058
16059826,2056
16059938,2053
16060015,2052
16059983,2052
16060143,2053
16060172,2051
16060169,2043
16060297,2038
16060181,2035
16060290,2034
16060394,2031
16060262,2031
16060401,2031
16060373,2031
16060278,2036
16060294,2043
16060135,2050
16060187,2050
16060047,2048
16059973,2042
16059759,2034
16059697,2021
16059599,2017
16059463,2021
16059237,2031
16058993,2043
16058895,2051
16058691,2047
16058571,2042
16058452,2051
16058272,2066
16057994,2075
16057790,2072
16057632,2064
16057390,2062
16057259,2060
16057030,2056
16056763,2051
16056587,2042
16056378,2034
16056241,2025
16056058,2025
16055846,2026
16055748,2031
16055540,2028
16055419,2018
16055304,2011
16055094,2000
16054976,2002
16054919,2010
16054891,2015
16054617,2028
16054560,2025
16054383,2027
16054359,2028
16054233,2026
16054123,2023
16053920,2019
16053951,2025
16053817,2026
16053679,2017
16053619,2019
16053558,2015
16053381,2017
16053322,2016
16053104,2021
16053127,2027
16052954,2028
16052828,2027
16052664,2023
16052653,2024
16052522,2019
16052424,2023
16052317,2035
16052249,2051
16052113,2066
16051963,2070
16051914,2061
16051702,2054
16051657,2053
16051412,2054
16051338,2054
16051187,2055
16051116,2048
16050890,2034
16050782,2020
16050730,2016
16050475,2015
16050487,2021
16050253,2027
16050153,2033
16049931,2033
16049773,2039
16049688,2037
16049581,2036
16049527,2027
16049345,2012
16049101,2002
16049047,2000
16048714,1999
16048594,2005
16048485,2010
16048405,2014
16048208,2024
16048002,2036
16047908,2042
16047706,2045
16047462,2045
16047424,2044
16047182,2039
16047107,2027
16046832,2022
16046713,2026
16046635,2026
16046410,2035
16046123,2043
16046112,2054
16045931,2059
16045844,2062
16045634,2058
16045380,2046
16045229,2043
16045142,2041
16044884,2042
16044695,2042
16044384,2039
16044256,2031
16044172,2026
16043998,2028
16043820,2036
16043618,2040
16043324,2035
16043227,2033
16042939,2021
16042800,2017
16042667,2025
16042369,2042
16042221,2057
16041975,2064
16041670,2066
16041502,2064
16041234,2057
16041174,2054
16040881,2046
16040692,2044
16040429,2028
16040202,2018
16040023,2004
16039858,2002
16039588,2007
16039322,2011
16039118,2036
16038872,2035
16038499,2030
16038331,2019
16038145,2016
16037984,2021
16037715,2025
16037434,2039
16037192,2045
16037019,2041
16036885,2037
16036680,2028
16036341,2030
16036170,2026
16036022,2035
16035791,2036
16035590,2040
16035236,2042
16035125,2044
16034979,2037
16034765,2035
16034665,2037
16034386,2042
16034135,2045
16033917,2050
16033793,2053
16033502,2054
16033170,2043
16033007,2037
16032798,2037
16032561,2041
16032432,2045
16032163,2046
16031885,2044
16031768,2051
16031568,2055
16031367,2062
16031116,2066
16030856,2065
16030584,2060
16030331,2053
16030091,2042
16029994,2030
16029735,2019
16029469,2013
16029227,2009
16029052,2009
16028825,2015
16028644,2023
16028297,2026
16028117,2023
16027877,2011
16027693,2006
16027305,1993
16027122,1988
16026819,1986
16026656,1989
16026448,1992
16026284,2004
16025987,2018
16025720,2030
16025521,2041
16025330,2048
16025060,2053
16024898,2055
16024713,2057
16024314,2065
16024127,2069
16023909,2063
16023763,2057
16023546,2055
16023293,2057
16023036,2055
16022825,2056
16022604,2050
16022393,2044
16021995,2045
16021802,2053
16021557,2060
16021400,2071
16021159,2080
16020984,2082
16020934,2073
16020681,2068
16020408,2057
16020141,2046
16019991,2043
16019876,2050
16019586,2056
16019350,2061
16018997,2054
16018874,2053
16018734,2051
16018408,2063
16018208,2066
16018082,2065
16017840,2032
16017694,1995
16017537,1961
16017137,1914
16016996,1882
16016749,1831
16016642,1777
16016577,1730
16016187,1693
16015956,1655
16015819,1622
16015633,1604
16015568,1590
16015394,1586
16015103,1609
16014907,1648
16014681,1712
16014592,1781
16014371,1863
16014266,1947
16014096,2008
16013932,2053
16013642,2080
16013491,2096
16013353,2097
16013155,2096
16012983,2092
16012788,2091
16012605,2089
16012410,2088
16012341,2091
16012228,2093
16011878,2089
16011764,2085
16011543,2085
16011362,2090
16011132,2101
16011046,2108
16010900,2113
16010801,2117
16010572,2117
16010371,2113
16010133,2107
16009987,2104
16009773,2103
16009554,2101
16009345,2096
16009192,2095
16009009,2098
16008856,2107
16008585,2121
16008490,2126
16008281,2113
16008100,2103
16007994,2099
16007880,2097
16007708,2091
16007409,2090
16007159,2092
16007135,2091
16006973,2092
16006712,2099
16006591,2106
16006462,2107
16006245,2104
16006013,2103
16006008,2100
16005724,2096
16005572,2090
16005347,2083
16005131,2080
16004992,2068
16004782,2052
16004564,2047
16004274,2055
16004216,2069
16004019,2081
16003705,2092
16003538,2102
16003379,2106
16003170,2103
16002971,2096
16002824,2082
16002614,2075
16002434,2070
16002306,2066
16002075,2065
16001917,2065
16001760,2069
16001640,2076
16001485,2081
16001302,2085
16001277,2092
16001337,2094
16001371,2089
16001241,2085
16001273,2081
16001413,2073
16001562,2060
16001827,2054
16002291,2045
16002695,2043
16003077,2044
16003792,2043
16004202,2066
16004913,2065
16005598,2069
16006485,2074
16007372,2074
16008319,2075
16009035,2077
16010206,2084
16011144,2078
16012245,2066
16013138,2059
16014195,2053
16015207,2054
16016329,2053
16017275,2058
16018146,2066
16019213,2066
16020033,2066
16020813,2067
16021611,2068
16022412,2062
16023039,2058
16023590,2056
16024225,2055
16024790,2057
16025303,2063
16025831,2070
16026271,2077
16026704,2077
16027166,2078
16027704,2077
16028007,2076
16028364,2073
16028696,2072
16029066,2071
16029538,2069
16029809,2063
16030243,2057
16030648,2053
16030839,2051
16031262,2042
16031576,2043
16031722,2034
16032088,2035
16032413,2043
16032714,2062
16033004,2069
16033315,2071
16033649,2061
16033921,2054
16034149,2051
16034502,2055
16034820,2054
16035024,2053
16035298,2046
16035700,2040
16035977,2043
16036263,2051
16036497,2059
16036841,2064
16037008,2058
16037350,2051
16037509,2051
16037795,2053
16037974,2058
16038272,2057
16038579,2061
16038900,2069
16039120,2076
16039409,2083
16039593,2079
16039898,2075
16040096,2063
16040347,2052
16040517,2043
16040891,2042
16041134,2044
16041409,2053
16041698,2063
16041976,2070
16042158,2071
16042373,2073
16042691,2075
16042690,2073
16042935,2066
16043218,2058
16043447,2053
16043693,2046
16043899,2046
16044046,2050
16044325,2058
16044376,2069
16044639,2076
16044875,2083
16045142,2076
16045235,2075
16045361,2063
16045544,2060
16045722,2065
16045873,2058
16045924,2068
16046160,2059
16046298,2055
16046555,2055
16046541,2059
16046713,2063
16046810,2064
16046939,2077
16047010,2082
16047218,2073
16047221,2070
16047323,2063
16047419,2067
16047394,2067
16047612,2070
16047696,2071
16047722,2067
16047737,2063
16047785,2059
16047881,2057
16047837,2054
16047906,2055
16047785,2053
16047898,2057
16047712,2053
16047714,2054
16047747,2066
16047591,2074
16047505,2081
16047474,2085
16047331,2082
16047214,2076
16047187,2071
16047054,2071
16046851,2076
16046718,2079
16046571,2081
16046370,2079
16046210,2068
16046109,2065
16045912,2060
16045820,2053
16045655,2047
16045442,2051
16045317,2059
16045139,2066
16045084,2076
16044871,2093
16044746,2101
16044708,2095
16044416,2081
16044352,2075
16044155,2067
16044083,2064
16044025,2063
16043731,2068
16043704,2071
16043630,2067
16043483,2064
16043380,2062
16043287,2056
16043139,2050
16042985,2049
16043042,2055
16042946,2061
16042816,2059
16042722,2051
16042707,2044
16042621,2042
16042508,2043
16042501,2044
16042485,2044
16042210,2038
16042213,2034
16042132,2031
16042003,2035
16042017,2040
16041932,2047
16041914,2052
16041909,2051
16041841,2050
16041761,2045
16041644,2042
16041499,2043
16041482,2055
16041374,2067
16041329,2073
16041235,2075
16040988,2079
16040923,2075
16040803,2068
16040831,2067
16040661,2062
16040447,2058
16040440,2044
16040338,2043
16040189,2042
16040039,2047
16040009,2052
16039917,2045
16039723,2060
16039530,2059
16039382,2058
16039328,2056
16039231,2046
16039057,2047
16038906,2046
16038754,2066
16038598,2065
16038500,2058
16038303,2065
16038071,2067
16038088,2065
16037935,2059
16037722,2057
16037658,2054
16037463,2052
16037300,2055
16037092,2059
16036857,2068
16036736,2081
16036596,2091
16036483,2096
16036339,2100
16036122,2093
16035975,2075
16035851,2059
16035739,2041
16035499,2032
16035316,2029
16035045,2028
16034922,2022
16034885,2025
16034625,2040
16034511,2054
16034295,2067
16034246,2074
16034051,2075
16033956,2072
16033716,2065
16033591,2054
16033453,2046
16033282,2038
16033062,2041
16032885,2041
16032853,2040
16032665,2046
16032494,2056
16032334,2060
16032258,2063
16032168,2065
16032091,2066
16031776,2057
16031657,2057
16031428,2055
16031282,2062
16031210,2074
16030963,2078
16030887,2074
16030602,2070
16030583,2067
16030528,2063
16030415,2059
16030227,2059
16030048,2059
16029890,2057
16029705,2065
16029437,2069
16029321,2079
16029269,2089
16029153,2095
16029052,2095
16028639,2087
16028606,2076
16028388,2064
16028200,2053
16028195,2046
16028018,2047
16027800,2050
16027753,2053
16027671,2055
16027491,2052
16027300,2050
16027118,2053
16026974,2062
16026819,2074
16026707,2089
16026487,2093
16026502,2087
16026310,2076
16026155,2061
16026127,2051
16026034,2049
16025853,2053
16025710,2043
16025595,2046
16025434,2037
16025283,2028
16025212,2019
16025179,2004
16025065,2010
16024760,1996
16024831,2004
16024718,2017
16024595,2025
16024471,2027
16024439,2029
16024152,2042
16024224,2042
16024022,2035
16023891,2030
16023908,2029
16023764,2028
16023696,2028
16023432,2036
16023441,2045
16023275,2055
16023158,2065
16023110,2069
16022938,2070
16022896,2071
16022683,2073
16022605,2075
16022418,2083
16022322,2081
16022319,2073
16022040,2070
16021922,2069
16021877,2069
16021714,2072
16021643,2079
16021457,2087
16021376,2087
16021198,2083
16021043,2074
16020880,2064
16020801,2060
16020630,2061
16020427,2063
16020333,2063
16020076,2064
16019983,2069
16019837,2068
16019672,2067
16019564,2063
16019482,2056
16019367,2050
16019198,2041
16019091,2028
16018854,2008
16018742,1982
16018601,1952
16018532,1924
16018307,1890
16018220,1844
16018078,1790
16017993,1735
16017809,1682
16017629,1642
16017519,1620
16017370,1624
16017316,1650
16017066,1690
16017040,1739
16016880,1796
16016756,1855
16016670,1915
16016483,1967
16016406,2007
16016226,2035
16016101,2054
16016003,2069
16015804,2077
16015661,2084
16015636,2091
16015429,2100
16015412,2102
16015087,2095
16014976,2091
16014998,2091
16014755,2089
16014583,2088
16014497,2091
16014272,2099
16014221,2106
16013937,2114
16013823,2106
16013813,2093
16013625,2079
16013408,2070
16013247,2071
16013101,2087
16013007,2099
16012717,2104
16012624,2092
16012413,2085
16012342,2080
16012133,2077
16011953,2083
16011875,2086
16011693,2103
16011438,2099
16011287,2093
16011077,2088
16010921,2086
16010708,2085
16010603,2088
16010447,2098
16010258,2103
16010140,2103
16010001,2109
16009756,2111
16009650,2117
16009591,2107
16009405,2093
16009241,2082
16009065,2078
16008932,2074
16008640,2076
16008443,2074
16008340,2071
16008221,2068
16008133,2072
16007889,2074
16007842,2077
16007645,2080
16007540,2080
16007325,2079
16007195,2076
16006981,2075
16006856,2082
16006687,2092
16006468,2099
16006343,2092
16006306,2083
16006261,2071
16006077,2066
16005941,2067
16005875,2072
16005990,2075
16005964,2082
16005902,2088
16006171,2094
16006285,2099
16006508,2099
16006681,2101
16007044,2095
16007499,2079
16007873,2067
16008399,2058
16009041,2052
16009724,2047
16010487,2053
16011349,2058
16012107,2062
16012990,2057
16013972,2049
16014899,2043
16015919,2038
16017041,2038
16017890,2041
16018901,2038
16019912,2030
16020826,2031
16021749,2045
16022670,2068
16023516,2076
16024344,2086
16025079,2087
16025837,2084
16026446,2070
16027154,2060
16027736,2057
16028378,2062
16028884,2067
16029496,2070
16030072,2073
16030557,2077
16031086,2076
16031433,2073
16031910,2076
16032341,2074
16032826,2066
16033154,2058
16033616,2056
16034026,2048
16034321,2043
16034639,2043
16035164,2043
16035508,2045
16035776,2050
16036040,2055
16036561,2057
16036834,2059
16037159,2054
16037431,2055
16037809,2047
16038241,2043
16038557,2052
16038946,2044
16039173,2045
16039384,2028
16039791,2023
16040097,2027
16040418,2028
16040707,2029
16041089,2037
16041332,2061
16041740,2072
16042052,2070
16042313,2071
16042667,2061
16042881,2058
16043165,2049
16043347,2041
16043698,2039
16043993,2038
16044339,2046
16044546,2059
16044787,2071
16045139,2081
16045348,2078
16045599,2079
16045983,2074
16046224,2068
16046494,2061
16046656,2051
16046943,2045
16047152,2045
16047571,2045
16047748,2047
16047885,2045
16048200,2046
16048476,2040
16048584,2037
16048867,2039
16049138,2044
16049342,2042
16049496,2038
16049725,2035
16049970,2037
16050216,2053
16050441,2073
16050683,2090
16050824,2098
16051081,2104
16051237,2107
16051487,2097
16051723,2076
16051955,2044
16052143,2024
16052272,2012
16052350,2011
16052667,2011
16052894,2008
16052979,2005
16053120,2017
16053194,2036
16053402,2048
16053683,2062
16053861,2070
16053880,2073
16054076,2069
16054338,2061
16054424,2056
16054504,2046
16054683,2046
16054851,2049
16054928,2055
16054995,2058
16055096,2060
16055175,2061
16055291,2064
16055257,2061
16055291,2053
16055353,2043
16055454,2038
16055381,2042
16055419,2051
16055435,2057
16055364,2056
16055306,2049
16055225,2043
16055130,2036
16055089,2031
16055075,2034
16054857,2040
16054865,2042
16054730,2047
16054641,2056
16054440,2068
16054340,2081
16054088,2097
16053898,2114
16053831,2115
16053566,2102
16053459,2073
16053371,2043
16053164,2026
16053052,2012
16052899,2006
16052749,2007
16052504,2014
16052338,2022
16052215,2030
16052118,2039
16052039,2045
16051909,2038
16051763,2032
16051586,2019
16051520,2012
16051421,2015
16051254,2015
16051185,2030
16051198,2030
16051128,2042
16050963,2048
16050944,2053
16050790,2071
16050793,2075
16050743,2089
16050534,2076
16050514,2064
16050417,2040
16050205,2021
16050170,2018
16050094,2024
16050031,2034
16050000,2037
16049889,2036
16049826,2032
16049708,2043
16049556,2046
16049492,2056
16049373,2063
16049236,2069
16049092,2066
16048962,2054
16048854,2041
16048856,2035
16048658,2029
16048512,2025
16048359,2029
16048352,2037
16048296,2052
16048121,2065
16048057,2068
16047937,2059
16047763,2040
16047675,2026
16047569,2020
16047401,2021
16047307,2026
16047097,2037
16046941,2045
16046897,2055
16046597,2057
16046596,2053
16046464,2053
16046217,2052
16046160,2051
16045997,2051
16045902,2044
16045811,2037
16045588,2035
16045412,2039
16045245,2046
16045115,2052
16044982,2050
16044823,2046
16044615,2046
16044595,2050
16044461,2051
16044246,2046
16044126,2047
16043979,2045
16043864,2050
16043757,2052
16043475,2049
16043397,2046
16043236,2043
16043198,2045
16042943,2045
16042761,2047
16042738,2039
16042451,2035
16042367,2035
16042235,2041
16042057,2036
16041977,2037
16041647,2040
16041495,2046
16041362,2046
16041088,2043
16041020,2040
16040821,2043
16040696,2038
16040541,2033
16040214,2036
16040210,2034
16040021,2050
16039801,2046
16039694,2040
16039525,2034
16039381,2032
16039125,2033
16038975,2035
16038747,2041
16038535,2039
16038453,2050
16038264,2043
16038037,2046
16037813,2049
16037617,2043
16037479,2034
16037353,2015
16037157,2013
16036960,2002
16036836,2002
16036684,2020
16036478,2046
16036386,2067
16036225,2080
16035980,2076
16035874,2066
16035744,2054
16035502,2047
16035394,2043
16035164,2041
16034935,2039
16034821,2044
16034744,2039
16034570,2037
16034313,2036
16034200,2039
16034008,2038
16033911,2031
16033728,2034
16033557,2048
16033389,2062
16033320,2071
16033103,2077
16032998,2079
16032886,2076
16032754,2074
16032637,2072
16032400,2063
16032281,2055
16032065,2040
16031968,2021
16031801,2010
16031675,2012
16031511,2015
16031372,2020
16031219,2017
16031049,2017
16030983,2023
16030858,2028
16030779,2040
16030565,2053
16030339,2061
16030208,2057
16030158,2044
16030051,2029
16029881,2022
16029759,2017
16029580,2020
16029433,2019
16029235,2015
16029049,2002
16028975,1993
16028758,1997
16028765,2006
16028554,2018
16028452,2022
16028242,2025
16028049,2033
16027971,2046
16027816,2056
16027653,2055
16027550,2053
16027391,2044
16027257,2036
16027136,2030
16027049,2023
16026778,2025
16026610,2030
16026510,2035
16026365,2035
16026167,2034
16025977,2038
16025874,2031
16025697,2025
16025479,2023
16025312,2021
16025225,2031
16025184,2036
16025033,2044
16024778,2053
16024712,2051
16024518,2064
16024384,2054
16024224,2043
16024157,2035
16023861,2023
16023742,2020
16023561,2023
16023406,2039
16023074,2048
16022947,2052
16022815,2057
16022747,2059
16022503,2054
16022297,2040
16022185,2024
16021960,2000
16021688,1962
16021580,1918
16021412,1874
16021176,1825
16021032,1779
16020854,1729
16020701,1679
16020522,1637
16020282,1607
16020133,1592
16019988,1600
16019793,1630
16019519,1680
16019320,1747
16019249,1822
16019085,1897
16018953,1966
16018692,2023
16018548,2057
16018385,2072
16018213,2071
16017987,2067
16017856,2065
16017791,2070
16017573,2081
16017262,2096
16017181,2104
16016943,2109
16016746,2111
16016603,2109
16016426,2107
16016329,2101
16016115,2093
16015956,2090
16015820,2082
16015640,2075
16015499,2078
16015294,2083
16014998,2090
16014902,2093
16014668,2101
16014345,2111
16014335,2116
16014147,2117
16013894,2106
16013616,2093
16013532,2087
16013297,2090
16013199,2093
16013013,2095
16012810,2095
16012571,2092
16012436,2090
16012259,2086
16011964,2079
16011792,2071
16011535,2067
16011502,2068
16011220,2069
16011198,2062
16010913,2060
16010692,2068
16010532,2087
16010459,2111
16010292,2130
16010123,2139
16009909,2133
16009887,2124
16009605,2107
16009496,2088
16009287,2071
16009158,2059
16008851,2050
16008650,2047
16008519,2044
16008339,2041
16008297,2044
16008044,2039
16007849,2039
16007641,2045
16007561,2053
16007393,2061
16007307,2064
16007215,2046
16007079,2063
16006975,2069
16006948,2083
16006861,2096
16006790,2101
16006868,2098
16006778,2081
16006915,2077
16007035,2069
16007289,2052
16007560,2044
16007872,2041
16008292,2036
16008814,2030
16009406,2035
16010024,2046
16010766,2057
16011490,2062
16012363,2059
16013209,2045
16014219,2044
16015119,2059
16016232,2081
16017131,2100
16018246,2098
16019304,2085
16020350,2080
16021468,2076
16022433,2066
16023489,2058
16024451,2049
16025343,2044
16026152,2044
16027102,2042
16027902,2039
16028685,2031
16029379,2022
16030191,2012
16030885,2014
16031453,2023
16031983,2035
16032610,2039
16033195,2041
16033826,2048
16034329,2054
16034770,2046
16035278,2048
16035651,2048
16036167,2053
16036623,2056
16037006,2058
16037405,2053
16037827,2043
16038384,2038
16038669,2035
16039082,2032
16039525,2025
16039967,2017
16040193,2013
16040634,2022
16040994,2032
16041327,2037
16041708,2037
16042128,2026
16042397,2017
16042798,2016
16043205,2021
16043494,2030
16043839,2046
16044183,2057
16044388,2060
16044756,2059
16045020,2057
16045449,2059
16045629,2065
16045994,2071
16046329,2072
16046578,2066
16046944,2056
16047206,2053
16047559,2053
16047744,2051
16048016,2045
16048413,2039
16048575,2033
16048953,2033
16049212,2027
16049496,2027
16049787,2035
16049887,2048
16050156,2063
16050468,2075
16050735,2081
16050944,2083
16051135,2075
16051497,2070
16051726,2046
16051933,2026
16052196,2008
16052368,1988
16052600,2011
16052869,2027
16053066,2041
16053179,2044
16053527,2051
16053760,2053
16053917,2057
16054132,2065
16054303,2065
16054417,2055
16054608,2053
16054766,2046
16055171,2043
16055309,2036
16055375,2037
16055551,2044
16055778,2052
16055925,2057
16056002,2058
16056175,2052
16056395,2051
16056435,2050
16056640,2049
16056671,2051
16056787,2060
16056972,2075
16057037,2081
16057162,2087
16057330,2089
16057382,2080
16057486,2065
16057532,2061
16057630,2056
16057760,2047
16057750,2045
16057794,2053
16057847,2057
16057782,2065
16057806,2069
16057922,2067
16057800,2063
16057608,2062
16057599,2061
16057484,2068
16057535,2073
16057379,2074
16057272,2070
16057277,2067
16057020,2063
16056903,2063
16056848,2063
16056614,2065
16056375,2058
16056257,2057
16056021,2057
16055770,2057
16055593,2055
16055435,2057
16055236,2054
16055011,2042
16054989,2030
16054680,2028
16054449,2032
16054208,2042
16054048,2046
16054020,2048
16053803,2053
16053709,2056
16053499,2055
16053319,2053
16053233,2055
16053185,2059
16053075,2060
16052927,2060
16052893,2058
16052766,2053
16052514,2053
16052385,2047
16052515,2042
16052382,2030
16052310,2020
16052219,2020
16052105,2030
16052007,2042
16052029,2058
16051986,2065
16051979,2066
16051832,2056
16051840,2041
16051748,2036
16051560,2043
16051637,2058
16051487,2073
16051388,2082
16051317,2070
16051346,2059
16051201,2035
16051167,2021
16051099,2026
16050953,2028
16050957,2046
16050835,2041
16050621,2045
16050591,2038
16050457,2032
16050416,2028
16050324,2029
16050200,2053
16050102,2064
16050067,2066
16049981,2068
16049811,2059
16049742,2054
16049476,2045
16049485,2043
16049370,2043
16049294,2041
16049127,2043
16049074,2046
16049033,2044
16048878,2039
16048771,2036
16048652,2035
16048536,2034
16048477,2030
16048368,2030
16048244,2034
16048133,2041
16048053,2051
16047874,2055
16047822,2050
16047722,2039
16047540,2029
16047479,2027
16047369,2027
16047307,2028
16047177,2031
16046914,2031
16046854,2037
16046839,2040
16046721,2037
16046655,2035
16046513,2040
16046358,2049
16046264,2053
16046200,2056
16046113,2059
16045847,2063
16045759,2055
16045718,2045
16045652,2036
16045421,2034
16045318,2037
16045179,2044
16045126,2058
16044891,2067
16044819,2064
16044644,2062
16044570,2062
16044446,2070
16044278,2069
16044309,2065
16043973,2059
16043817,2055
16043675,2048
16043639,2040
16043350,2038
16043244,2036
16043192,2034
16042957,2032
16042846,2034
16042724,2042
16042669,2040
16042313,2039
16042291,2035
16042056,2030
16041988,2020
16041760,2016
16041567,2020
16041462,2021
16041367,2024
16041267,2028
16040988,2033
16040865,2042
16040716,2047
16040581,2051
16040546,2053
16040398,2047
16040267,2040
16040154,2038
16039945,2044
16039796,2059
16039709,2069
16039510,2073
16039451,2061
16039141,2054
16039034,2040
16038933,2031
16038669,2025
16038663,2010
16038584,2015
16038297,2011
16038135,2021
16038064,2032
16037838,2037
16037607,2046
16037381,2052
16037249,2061
16037196,2058
16036945,2046
16036757,2050
16036593,2054
16036357,2062
16036215,2059
16036095,2056
16035879,2047
16035658,2048
16035565,2054
16035420,2059
16035209,2055
16035037,2050
16034743,2050
16034515,2053
16034405,2058
16034133,2063
16034054,2061
16033740,2042
16033614,2023
16033374,2002
16033231,1991
16032917,1986
16032838,1986
16032600,1990
16032398,1995
16032250,2000
16032054,2009
16031959,2017
16031698,2022
16031495,2022
16031357,2012
16031152,1999
16030951,1991
16030741,1996
16030601,2005
16030338,2019
16030166,2037
16030093,2053
16029786,2055
16029570,2057
16029535,2059
16029280,2061
16029109,2061
16028885,2056
16028698,2055
16028447,2053
16028292,2053
16028148,2054
16028051,2054
16027864,2050
16027571,2046
16027336,2050
16027167,2052
16026940,2054
16026704,2045
16026446,2046
16026273,2055
16026187,2063
16026004,2065
16025737,2059
16025574,2054
16025355,2046
16025111,2039
16024915,2039
16024652,2042
16024434,2046
16024287,2044
16024024,2040
16023856,2034
16023571,2024
16023402,2010
16023190,1991
16022870,1965
16022730,1934
16022488,1896
16022294,1853
16021962,1804
16021837,1750
16021647,1701
16021457,1655
16021076,1618
16020925,1596
16020801,1592
16020530,1615
16020341,1650
16019993,1702
16019866,1768
16019767,1840
16019492,1922
16019295,1996
16019161,2045
16018908,2093
16018813,2100
16018613,2097
16018423,2083
16018311,2070
16018096,2068
16017918,2073
16017627,2085
16017507,2095
16017381,2100
16017125,2091
16016987,2079
16016863,2063
16016637,2043
16016544,2037
16016390,2035
16016145,2041
16016036,2053
16015742,2065
16015630,2075
16015464,2082
16015306,2090
16015018,2092
16014686,2094
16014656,2098
16014359,2085
16014260,2077
16013959,2067
16013864,2080
16013703,2081
16013369,2104
16013240,2119
16013015,2122
16012872,2123
16012657,2121
16012439,2111
16012213,2096
16011979,2078
16011879,2068
16011655,2068
16011510,2069
16011253,2072
16011104,2076
16010924,2085
16010745,2088
16010455,2077
16010357,2064
16010161,2060
16009930,2066
16009714,2075
16009603,2081
16009398,2081
16009087,2084
16008883,2085
16008580,2088
16008504,2095
16008240,2092
16008068,2079
16007850,2066
16007556,2068
16007398,2077
16007213,2085
16006999,2092
16006808,2088
16006610,2082
16006430,2079
16006231,2077
16006087,2075
16006130,2072
16005919,2069
16005921,2064
16005909,2057
16005891,2058
16006102,2061
16006136,2065
16006416,2068
16006688,2065
16007033,2062
16007453,2057
16007981,2052
16008648,2047
16009257,2049
16009962,2053
16010736,2057
16011783,2054
16012763,2054
16013651,2059
16014706,2059
16015839,2057
16016965,2055
16018123,2059
16019313,2073
16020396,2085
16021602,2094
16022737,2087
16023716,2079
16024616,2058
16025715,2040
16026566,2034
16027427,2025
16028404,2042
16029145,2051
16029909,2059
16030697,2061
16031294,2059
16031994,2051
16032531,2038
16033124,2039
16033773,2041
16034304,2031
16034750,2028
16035261,2032
16035612,2042
16036115,2050
16036557,2052
16036968,2052
16037278,2043
16037746,2042
16038169,2047
16038579,2054
16038952,2053
16039177,2047
16039556,2041
16039952,2038
16040203,2040
16040529,2041
16040858,2043
16041172,2049
16041450,2051
16041683,2053
16042175,2053
16042466,2058
16042694,2057
16043075,2059
16043334,2049
16043577,2044
16043847,2039
16044153,2035
16044410,2036
16044793,2042
16045001,2043
16045269,2043
16045548,2040
16045793,2028
16046136,2021
16046341,2027
16046662,2039
16046840,2054
16047123,2061
16047368,2055
16047586,2049
16047832,2052
16048109,2054
16048347,2052
16048576,2051
16048722,2050
16049080,2052
16049222,2058
16049301,2067
16049595,2074
16049822,2074
16050088,2062
16050308,2050
16050443,2046
16050639,2047
16050817,2048
16051026,2046
16051299,2039
16051500,2033
16051669,2028
16051909,2020
16051999,2016
16052322,2017
16052453,2025
16052595,2033
16052769,2032
16053014,2032
16053117,2036
16053329,2043
16053472,2040
16053795,2037
16053865,2032
16053943,2024
16054074,2031
16054367,2034
16054462,2035
16054638,2034
16054751,2036
16054923,2038
16055060,2044
16055143,2050
16055289,2058
16055417,2067
16055499,2077
16055595,2070
16055748,2055
16055817,2029
16055969,2017
16056026,2018
16056030,2014
16055944,2032
16055996,2041
16056042,2061
16056115,2072
16056021,2070
16056028,2053
16055974,2028
16055956,2018
16056008,2012
16055904,2007
16055915,2015
16055763,2020
16055641,2036
16055452,2051
16055392,2052
16055204,2059
16055104,2052
16054947,2045
16054658,2040
16054463,2038
16054345,2038
16054109,2038
16054097,2045
16053909,2044
16053657,2044
16053458,2043
16053309,2039
16053101,2041
16052907,2041
16052774,2038
16052620,2032
16052440,2025
16052262,2021
16052114,2029
16051903,2032
16051849,2031
16051544,2029
16051538,2026
16051275,2025
16051214,2026
16051071,2028
16050881,2030
16050799,2032
16050700,2022
16050606,2013
16050466,2011
16050443,2019
16050238,2024
16050172,2028
16050101,2029
16049998,2026
16049994,2020
16049818,2021
16049710,2029
16049647,2039
16049554,2043
16049494,2048
16049332,2051
16049257,2051
16049139,2047
16049023,2047
16048929,2042
16048876,2031
16048722,2025
16048556,2023
16048462,2022
16048342,2022
16048258,2030
16048070,2037
16047948,2037
16047994,2039
16047694,2041
16047616,2040
16047419,2037
16047374,2045
16047285,2057
16047008,2065
16046908,2072
16046864,2072
16046657,2065
16046438,2047
16046416,2033
16046146,2024
16045980,2014
16045872,2011
16045755,2009
16045590,2011
16045405,2022
16045215,2032
16045103,2045
16044880,2053
16044665,2055
16044571,2054
16044399,2049
16044279,2039
16044187,2038
16043979,2034
16043842,2036
16043650,2042
16043469,2034
16043224,2030
16042969,2015
16042852,2018
16042676,2024
16042516,2030
16042355,2028
16042273,2027
16042125,2032
16041820,2037
16041724,2035
16041457,2043
16041184,2049
16041134,2062
16040902,2059
16040775,2050
16040406,2035
16040299,2016
16040149,2005
16039936,2004
16039626,2016
16039506,2027
16039353,2033
16039035,2038
16039010,2040
16038683,2040
16038638,2043
16038426,2046
16038143,2040
16037901,2033
16037804,2033
16037603,2043
16037349,2059
16037109,2074
16036861,2083
16036775,2077
16036493,2063
16036329,2052
16036085,2045
16035850,2034
16035755,2027
16035423,2024
16035231,2035
16035137,2047
16034896,2052
16034748,2055
16034604,2055
16034326,2053
16034227,2044
16034054,2036
16033731,2034
16033569,2040
16033447,2050
16033282,2060
16033053,2067
16032892,2073
16032736,2076
16032525,2073
16032279,2056
16032240,2034
16032097,2016
16031759,1998
16031691,1991
16031432,1996
16031192,2007
16031082,2021
16030998,2037
16030845,2043
16030707,2041
16030458,2038
16030275,2033
16030077,2032
16030046,2040
16029839,2047
16029694,2060
16029396,2058
16029397,2054
16029418,2046
16029194,2036
16029062,2027
16028871,2022
16028898,2020
16028603,2022
16028566,2027
16028453,2032
16028362,2032
16028224,2028
16028124,2025
16027963,2030
16027928,2037
16027762,2040
16027641,2042
16027483,2045
16027369,2052
16027267,2060
16027196,2059
16027143,2052
16026895,2031
16026830,2020
16026857,2023
16026745,2011
16026520,2031
16026507,2034
16026393,2035
16026228,2029
16026197,2023
16026075,2016
16025894,2006
16025840,2005
16025703,2002
16025574,1981
16025524,1973
16025448,1968
16025335,1980
16025169,1999
16025098,2026
16024918,2044
16024900,2054
16024837,2053
16024658,2046
16024619,2041
16024442,2044
16024356,2050
16024166,2048
16024248,2040
16024024,2034
16023983,2035
16023963,2040
16023614,2046
16023576,2054
16023555,2064
16023485,2071
16023238,2081
16023134,2089
16022905,2090
16022853,2081
16022694,2066
16022558,2055
16022390,2051
16022313,2050
16022111,2057
16021878,2071
16021772,2077
16021632,2074
16021472,2063
16021257,2052
16021035,2040
16020879,2034
16020616,2037
16020469,2048
16020316,2060
16020075,2066
16019846,2061
16019625,2042
16019455,2016
16019221,1988
16019010,1961
16018788,1931
16018591,1892
16018316,1841
16018105,1797
16017807,1756
16017659,1718
16017382,1675
16017188,1634
16016965,1605
16016589,1591
16016529,1601
16016165,1645
16016048,1701
16015723,1763
16015438,1825
16015366,1888
16015134,1951
16014812,2003
16014536,2042
16014402,2063
16014190,2070
16013931,2075
16013832,2088
16013386,2102
16013310,2113
16013179,2113
16012955,2107
16012797,2101
16012447,2094
16012219,2089
16012147,2086
16011824,2085
16011572,2085
16011571,2090
16011319,2103
16011131,2115
16010900,2121
16010695,2131
16010507,2121
16010301,2117
16010047,2103
16009842,2091
16009633,2090
16009522,2081
16009227,2090
16009098,2080
16008753,2075
16008536,2073
16008233,2079
16008111,2094
16007849,2108
16007725,2126
16007611,2119
16007249,2104
16007009,2091
16006865,2072
16006664,2061
16006430,2059
16006153,2070
16006067,2078
16005798,2085
16005652,2086
16005475,2082
16005225,2090
16005037,2092
16004745,2088
16004574,2086
16004395,2084
16004023,2085
16003900,2081
16003609,2081
16003362,2080
16003152,2075
16003011,2074
16002683,2077
16002438,2075
16002214,2073
16002047,2071
16001638,2075
16001511,2082
16001196,2092
16001023,2103
16000699,2108
16000512,2107
16000244,2093
16000068,2072
15999747,2055
15999546,2053
15999449,2063
15999205,2077
15999100,2085
15998921,2086
15998859,2080
15998870,2073
15998782,2069
15998866,2066
15998953,2060
15999284,2059
15999495,2065
15999867,2072
16000353,2087
16000807,2106
16001542,2109
16002256,2098
16003026,2083
16003801,2073
16004798,2059
16005791,2039
16006718,2026
16007781,2022
16008828,2024
16009931,2034
16011208,2045
16012316,2054
16013449,2053
16014516,2051
16015656,2051
16016574,2051
16017599,2053
16018605,2051
16019404,2048
16020229,2047
16021051,2047
16021856,2050
16022577,2053
16023169,2057
16023778,2061
16024347,2059
16024849,2053
16025317,2047
16025754,2043
16026217,2043
16026617,2047
16027028,2053
16027496,2052
16027855,2053
16028206,2057
16028463,2062
16028770,2053
16029004,2049
16029345,2038
16029482,2023
16029946,2012
16030046,1997
16030370,2011
16030602,2014
16030917,2025
16031291,2040
16031443,2054
16031699,2059
16031955,2054
16032116,2063
16032357,2059
16032567,2054
16032744,2048
16033038,2050
16033189,2055
16033440,2052
16033601,2049
16033932,2040
16034106,2031
16034384,2032
16034581,2039
16034685,2055
16034908,2065
16035163,2079
16035480,2089
16035559,2095
16035739,2101
16035924,2106
16036089,2098
16036326,2078
16036428,2058
16036702,2044
16036818,2034
16037157,2027
16037280,2021
16037410,2011
16037783,2007
16037916,2024
16038058,2042
16038317,2057
16038514,2071
16038750,2073
16038843,2068
16039147,2060
16039320,2049
16039514,2043
16039690,2040
16039872,2045
16040060,2052
16040278,2060
16040411,2065
16040652,2063
16040834,2067
16041061,2069
16041187,2074
16041427,2069
16041624,2066
16041715,2066
16041790,2062
16041985,2059
16042170,2058
16042298,2052
16042561,2051
16042740,2052
16042860,2063
16043021,2070
16043083,2074
16043171,2075
16043280,2062
16043415,2051
16043431,2045
16043588,2042
16043758,2045
16043822,2055
16043890,2069
16043908,2081
16044055,2085
16044162,2081
16044115,2060
16044114,2043
16044206,2036
16044209,2040
16044149,2047
16044211,2054
16044161,2064
16043995,2073
16043962,2084
16043858,2094
16043833,2102
16043611,2099
16043458,2092
16043410,2086
16043341,2079
16043182,2075
16042965,2075
16042900,2073
16042605,2064
16042436,2063
16042341,2051
16042140,2039
16041985,2030
16041802,2018
16041696,2026
16041468,2017
16041306,2012
16041213,2008
16041032,2012
16041021,2020
16040791,2025
16040575,2037
16040603,2039
16040455,2036
16040342,2050
16040244,2057
16040210,2068
16040191,2063
16040102,2050
16040086,2051
16040004,2051
16039853,2053
16039809,2047
16039820,2039
16039701,2037
16039669,2042
16039696,2051
16039619,2053
16039581,2059
16039316,2059
16039433,2059
16039305,2053
16039221,2045
16039171,2039
16039096,2043
16039096,2050
16038934,2053
16038924,2057
16038913,2061
16038866,2065
16038766,2066
16038813,2060
16038491,2053
16038428,2045
16038355,2052
16038389,2069
16038274,2079
16038137,2080
16037981,2076
16037930,2063
16037863,2045
16037721,2029
16037629,2022
16037512,2023
16037328,2027
16037161,2030
16037057,2037
16037129,2046
16036868,2056
16036827,2061
16036650,2057
16036433,2054
16036345,2041
16036238,2038
16035994,2036
16035884,2027
16035707,2023
16035560,2031
16035400,2037
16035283,2037
16035262,2035
16035131,2039
16034996,2046
16034733,2055
16034532,2061
16034423,2065
16034433,2065
16034262,2062
16034075,2054
16033929,2041
16033760,2031
16033664,2033
16033549,2041
16033294,2054
16033255,2061
16033048,2060
16032911,2049
16032744,2051
16032552,2061
16032293,2068
16032163,2065
16032030,2050
16031867,2029
16031668,2024
16031584,2030
16031372,2037
16031256,2046
16031152,2061
16030873,2070
16030647,2076
16030698,2066
16030635,2053
16030256,2036
16030189,2015
16029984,2019
16029773,2013
16029535,2014
16029469,2010
16029299,2019
16029110,2034
16028971,2044
16028830,2058
16028751,2069
16028537,2078
16028372,2072
16028164,2075
16027963,2065
16027761,2045
16027658,2044
16027497,2048
16027300,2058
16027113,2062
16026899,2068
16026812,2066
16026554,2067
16026416,2070
16026295,2077
16026130,2075
16025944,2061
16025864,2044
16025672,2038
16025675,2040
16025502,2042
16025294,2045
16025234,2054
16025023,2064
16024894,2069
16024678,2064
16024640,2052
16024507,2037
16024291,2035
16024183,2035
16023985,2029
16023854,2022
16023713,2029
16023498,2042
16023395,2051
16023223,2048
16023068,2040
16023027,2041
16022761,2046
16022563,2048
16022448,2048
16022340,2043
16022207,2038
16021948,2032
16021912,2027
16021789,2021
16021533,2020
16021440,2018
16021268,2014
16021105,2014
16020897,2020
16020794,2024
16020687,2027
16020494,2028
16020244,2034
16020162,2045
16020027,2058
16019847,2062
16019719,2061
16019515,2058
16019296,2057
16019103,2054
16018941,2055
16018829,2057
16018717,2057
16018492,2058
16018240,2061
16017976,2063
16017870,2057
16017649,2058
16017330,2059
16017316,2057
16016960,2049
16016799,2047
16016623,2055
16016282,2067
16016124,2072
16015803,2067
16015636,2061
16015448,2053
16015266,2047
16015022,2046
16014715,2043
16014538,2038
16014437,2034
16013964,2028
16013671,2018
16013439,2022
16013303,2029
16013193,2039
16012899,2050
16012656,2044
16012292,2052
16012009,2028
16011743,1998
16011390,1968
16011261,1935
16011031,1898
16010734,1860
16010379,1822
16010205,1774
16009959,1725
16009734,1684
16009361,1641
16009113,1629
16008800,1636
16008572,1667
16008243,1724
16008111,1783
16007772,1847
16007476,1907
16007085,1961
16006869,2008
16006665,2045
16006383,2068
16006130,2085
16005882,2083
16005645,2069
16005390,2068
16005092,2082
16004881,2099
16004547,2113
16004249,2125
16004087,2129
16003693,2129
16003567,2119
16003273,2103
16002968,2087
16002768,2074
16002487,2072
16002309,2069
16002000,2058
16001751,2054
16001404,2063
16001052,2077
16000869,2089
16000598,2091
16000318,2091
16000249,2091
15999856,2087
15999557,2077
15999428,2067
15999074,2067
15998878,2070
15998571,2068
15998251,2063
15998089,2064
15997726,2075
15997536,2086
15997224,2090
15996896,2093
15996728,2094
15996373,2097
15996298,2102
15995878,2107
15995636,2113
15995407,2113
15995084,2109
15994877,2100
15994541,2088
15994383,2081
15994186,2075
15993799,2074
15993623,2079
15993262,2079
15992950,2073
15992907,2068
15992546,2065
15992325,2066
15991979,2068
15991739,2073
15991589,2077
15991257,2080
15991057,2079
15990856,2074
15990565,2067
15990344,2064
15990189,2066
15989966,2072
15989829,2076
15989721,2088
15989523,2097
15989441,2100
15989256,2091
15989134,2077
15989189,2057
15989224,2039
15989168,2023
15989245,2008
15989412,2008
15989547,2021
15989780,2034
15990129,2063
15990397,2070
15991019,2078
15991638,2076
15992291,2077
15993051,2073
15993941,2063
15994868,2061
15995780,2053
15996768,2039
15997942,2037
15998986,2033
16000253,2036
16001482,2041
16002786,2055
16004094,2055
16005437,2045
16006724,2035
16007910,2029
16009201,2030
16010371,2034
16011516,2032
16012618,2032
16013658,2041
16014691,2048
16015650,2053
16016381,2057
16017317,2051
16018184,2047
16018762,2036
16019587,2023
16020301,2015
16021126,2018
16021610,2016
16022302,2018
16022887,2021
16023424,2025
16024024,2036
16024648,2041
16025258,2046
16025633,2052
16026229,2057
16026849,2060
16027340,2059
16027801,2055
16028387,2047
16028775,2039
16029259,2040
16029693,2044
16030088,2061
16030597,2067
16031060,2066
16031605,2050
16032089,2030
16032569,2018
16033008,2018
16033401,2024
16033831,2020
16034431,2018
16034861,2013
16035319,2013
16035691,2014
16036088,2014
16036555,2023
16037032,2022
16037494,2025
16037999,2025
16038329,2020
16038744,2023
16039172,2027
16039639,2032
16040056,2037
16040522,2042
16040822,2045
16041311,2045
16041708,2037
16042152,2032
16042500,2036
16042927,2039
16043379,2044
16043700,2045
16044093,2040
16044486,2030
16044784,2023
16045158,2027
16045540,2036
16045838,2051
16046167,2057
16046452,2047
16046715,2044
16047144,2047
16047400,2057
16047655,2064
16047998,2064
16048102,2053
16048360,2046
16048569,2037
16048872,2037
16049054,2043
16049267,2059
16049471,2072
16049627,2082
16049672,2084
16049908,2083
16050112,2056
16050182,2039
16050369,2026
16050435,2021
16050545,2019
16050796,2014
16050901,2029
16050793,2028
16050948,2042
16051147,2053
16051200,2063
16051349,2064
16051545,2056
16051652,2057
16051819,2054
16051854,2055
16052112,2064
16052154,2074
16052115,2080
16052219,2086
16052302,2089
16052362,2081
16052295,2063
16052369,2050
16052306,2040
16052320,2039
16052283,2045
16052135,2046
16052134,2051
16052223,2053
16051957,2056
16051893,2058
16051761,2059
16051571,2062
16051448,2062
16051233,2063
16051041,2060
16050929,2061
16050647,2064
16050361,2073
16050183,2073
16049975,2072
16049814,2068
16049648,2060
16049268,2051
16049127,2053
16048912,2053
16048725,2043
16048415,2033
16048370,2036
16048088,2044
16047778,2050
16047538,2046
16047513,2040
16047156,2041
16047019,2040
16046812,2034
16046619,2034
16046517,2040
16046290,2053
16046253,2060
16045986,2055
16045793,2040
16045727,2029
16045583,2027
16045406,2030
16045339,2032
16045164,2030
16044927,2027
16044929,2026
16044795,2028
16044651,2034
16044518,2044
16044369,2047
16044299,2041
16044115,2032
16044046,2026
16043779,2022
16043677,2029
16043563,2042
16043426,2057
16043302,2061
16043150,2056
16043008,2055
16042887,2054
16042779,2054
16042519,2058
16042396,2055
16042303,2047
16042103,2037
16041957,2022
16041911,2009
16041730,2009
16041646,2013
16041524,2029
16041364,2041
16041172,2062
16041029,2060
16040846,2065
16040836,2063
16040670,2061
16040505,2048
16040429,2037
16040304,2039
16040202,2037
16040054,2031
16039823,2030
16039796,2025
16039503,2033
16039428,2046
16039314,2069
16039235,2088
16039125,2085
16039005,2072
16038822,2063
16038567,2057
16038581,2050
16038345,2049
16038288,2049
16038090,2059
16038042,2071
16037914,2075
16037633,2073
16037507,2065
16037500,2053
16037318,2034
16037081,2023
16036962,2018
16036861,2019
16036803,2027
16036450,2037
16036376,2046
16036305,2049
16036137,2054
16035975,2057
16035860,2065
16035747,2074
16035520,2076
16035373,2080
16035342,2082
16035084,2076
16035063,2070
16034767,2060
16034629,2051
16034581,2040
16034233,2029
16034176,2027
16034061,2035
16033824,2050
16033608,2065
16033404,2085
16033229,2089
16033137,2082
16033023,2060
16032868,2036
16032696,2021
16032527,2014
16032313,2016
16032117,2020
16031948,2023
16031708,2032
16031557,2042
16031499,2057
16031241,2069
16030989,2067
16030829,2062
16030606,2053
16030464,2051
16030238,2056
16029897,2059
16029755,2054
16029468,2050
16029363,2043
16029096,2037
16028849,2035
16028636,2040
16028474,2051
16028352,2054
16028132,2056
16027795,2058
16027638,2055
16027446,2054
16027250,2056
16026957,2060
16026925,2063
16026609,2055
16026414,2043
16026253,2024
16026183,2012
16025794,2024
16025658,2036
16025478,2053
16025349,2063
16024962,2078
16024764,2089
16024681,2076
16024447,2072
16024319,2055
16024035,2047
16023812,2037
16023654,2018
16023474,2016
16023367,2021
16023058,2023
16022983,2023
16022817,2027
16022590,2035
16022551,2038
16022321,2032
16022148,2022
16021970,2017
16021827,2017
16021654,2020
16021426,2016
16021441,2007
16021262,1987
16021052,1985
16020910,1991
16020738,2002
16020511,2032
16020404,2032
16020296,2029
16020107,2030
16019850,2027
16019710,2028
16019466,2026
16019326,2035
16019077,2044
16018931,2060
16018666,2079
16018436,2097
16018157,2110
16017973,2118
16017675,2106
16017487,2083
16017384,2054
16017016,2034
16016771,2021
16016503,2016
16016287,2020
16016075,2030
16015847,2040
16015549,2050
16015328,2054
16015135,2054
16014978,2054
16014740,2059
16014467,2060
16014299,2052
16014093,2047
16013904,2045
16013631,2041
16013261,2049
16013135,2059
16012962,2065
16012701,2067
16012419,2067
16012241,2066
16011898,2064
16011762,2058
16011505,2045
16011335,2027
16010982,2010
16010780,1989
16010610,1962
16010300,1930
16010105,1887
16009964,1837
16009665,1783
16009346,1729
16009210,1677
16008992,1629
16008774,1597
16008493,1599
16008293,1629
16007968,1679
16007744,1747
16007613,1820
16007199,1884
16007125,1946
16006888,2002
16006758,2050
16006514,2084
16006239,2109
16006075,2114
16005828,2111
16005542,2102
16005346,2086
16005215,2071
16005002,2066
16004720,2066
16004649,2081
16004272,2090
16004099,2095
16003894,2095
16003636,2088
16003409,2096
16003257,2085
16003094,2086
16002827,2088
16002637,2092
16002369,2085
16002231,2080
16002053,2086
16001887,2083
16001729,2075
16001568,2076
16001271,2074
16000978,2083
16000764,2082
16000640,2077
16000390,2066
16000262,2070
16000057,2075
15999978,2082
15999718,2083
15999579,2081
15999421,2082
15999229,2089
15998834,2090
15998716,2092
15998525,2099
15998395,2107
15998260,2106
15998003,2095
15997866,2090
15997769,2065
15997506,2045
15997387,2045
15997101,2059
15996939,2079
15996712,2099
15996460,2116
15996285,2115
15996082,2103
15995789,2087
15995611,2075
15995289,2073
15995018,2078
15994848,2083
15994651,2083
15994409,2086
15994086,2083
15993931,2076
15993671,2070
15993564,2072
15993289,2080
15993032,2086
15992844,2092
15992625,2093
15992584,2091
15992339,2080
15992328,2064
15992205,2058
15992209,2059
15992209,2063
15992246,2066
15992322,2068
15992387,2068
15992793,2070
15993212,2071
15993690,2069
15994160,2069
15994861,2061
15995468,2051
15996339,2052
15997299,2059
15998145,2065
15999235,2067
16000305,2065
16001397,2060
16002486,2050
16003838,2043
16005101,2041
16006268,2043
16007407,2047
16008660,2055
16009829,2063
16011096,2068
16012076,2065
16013214,2061
16014244,2056
16015160,2058
16016148,2067
16016942,2078
16017640,2089
16018353,2084
16019175,2071
16019816,2062
16020471,2050
16020954,2035
16021547,2037
16022097,2036
16022688,2042
16023113,2051
16023559,2049
16024019,2055
16024415,2031
16024832,2006
16025293,1987
16025798,1993
16026264,2018
16026609,2038
16027051,2055
16027413,2055
16027787,2042
16028065,2034
16028472,2033
16028694,2030
16029221,2035
16029506,2044
16029857,2050
16030288,2052
16030688,2059
16030882,2066
16031228,2065
16031616,2061
16031939,2062
16032289,2061
16032557,2057
16032823,2048
16033196,2043
16033496,2038
16033885,2040
16034309,2049
16034550,2056
16034900,2064
16035192,2069
16035442,2073
16035758,2080
16036097,2082
16036459,2082
16036619,2083
16036988,2072
16037334,2058
16037650,2041
16037966,2027
16038284,2016
16038576,2016
16038925,2018
16039263,2025
16039494,2032
16039923,2043
16040136,2053
16040491,2055
16040732,2055
16041132,2053
16041374,2043
16041699,2043
16042087,2044
16042349,2041
16042693,2044
16042972,2045
16043186,2050
16043508,2055
16043787,2059
16044143,2060
16044475,2058
16044781,2059
16045033,2065
16045357,2069
16045485,2069
16045880,2063
16046096,2059
16046405,2063
16046665,2069
16046949,2073
16047212,2064
16047497,2059
16047697,2048
16048029,2045
16048196,2043
16048453,2039
16048712,2032
16048904,2028
16049226,2032
16049320,2047
16049610,2060
16049775,2061
16049999,2062
16050236,2055
16050316,2052
16050526,2049
16050756,2042
16050865,2039
16050937,2040
16051028,2040
16051159,2043
16051302,2048
16051369,2050
16051401,2047
16051377,2052
16051446,2046
16051425,2038
16051524,2044
16051539,2032
16051462,2033
16051390,2027
16051382,2029
16051240,2048
16051170,2053
16051154,2048
16051066,2051
16050843,2053
16050766,2061
16050700,2073
16050573,2084
16050391,2083
16050216,2081
16050197,2078
16049970,2067
16049772,2056
16049740,2056
16049619,2055
16049361,2054
16049263,2057
16049099,2053
16049036,2050
16048944,2042
16048667,2048
16048551,2048
16048466,2045
16048266,2046
16048218,2052
16048103,2058
16047881,2061
16047792,2051
16047601,2030
16047458,2019
16047296,2018
16047187,2024
16047119,2025
16047047,2029
16046953,2031
16046822,2031
16046615,2025
16046502,2024
16046322,2041
16046180,2033
16046166,2023
16046056,2010
16045853,2007
16045837,2027
16045558,2036
16045455,2059
16045280,2062
16045276,2057
16045080,2047
16044932,2046
16044753,2048
16044605,2048
16044529,2051
16044379,2054
16044098,2053
16044082,2051
16043715,2052
16043665,2054
16043479,2060
16043250,2059
16043102,2057
16042985,2058
16042838,2055
16042567,2053
16042450,2048
16042244,2038
16042154,2032
16041924,2039
16041674,2046
16041469,2048
16041264,2053
16040976,2057
16040781,2059
16040600,2063
16040292,2061
16040198,2060
16039981,2061
16039718,2066
16039509,2067
16039226,2058
16039003,2049
16038784,2041
16038502,2036
16038291,2029
16038105,2028
16037896,2034
16037618,2043
16037345,2052
16037214,2058
16036898,2061
16036585,2059
16036367,2041
16036122,2037
16035862,2034
16035661,2040
16035455,2051
16035153,2052
16034844,2061
16034702,2051
16034418,2037
16034263,2039
16033993,2041
16033645,2036
16033402,2032
16033173,2041
16032848,2046
16032617,2052
16032369,2063
16032138,2064
16031878,2063
16031566,2062
16031367,2066
16031211,2065
16030886,2064
16030633,2064
16030365,2071
16030030,2076
16029865,2075
16029595,2071
16029368,2065
16028986,2052
16028745,2042
16028464,2029
16028245,2018
16028050,2006
16027825,2012
16027376,2025
16027077,2031
16026859,2036
16026702,2039
16026414,2040
16026190,2039
16025948,2039
16025721,2047
16025474,2055
16025044,2059
16024952,2056
16024623,2055
16024387,2049
16024122,2043
16023939,2046
16023737,2052
16023496,2052
16023230,2053
16022904,2057
16022694,2057
16022473,2061
16022359,2063
16022092,2066
16021746,2065
16021472,2061
16021226,2055
16020959,2063
16020735,2061
16020524,2050
16020245,2040
16020058,2043
16019811,2053
16019524,2059
16019437,2066
16019233,2077
16018918,2084
16018683,2079
16018529,2061
16018262,2050
16018126,2041
16017885,2040
16017627,2033
16017371,2027
16017153,2025
16016894,2028
16016688,2029
16016502,2033
16016324,2032
16016037,2033
16015912,2030
16015589,2029
16015489,2026
16015368,2022
16015089,2023
16014777,2027
16014538,2040
16014287,2049
16014245,2046
16013902,2037
16013714,2027
16013491,2025
16013347,2031
16013153,2040
16012943,2049
16012764,2056
16012475,2054
16012344,2054
16012221,2036
16012113,2025
16011659,2015
16011406,2001
16011273,2013
16011201,2019
16010822,2037
16010642,2052
16010544,2072
16010310,2078
16010082,2067
16009829,2065
16009734,2055
16009460,2037
16009274,2023
16009036,2014
16008774,2018
16008705,2025
16008387,2037
16008180,2043
16007979,2049
16007744,2053
16007585,2056
16007348,2058
16007145,2059
16007020,2061
16006660,2061
16006424,2061
16006208,2061
16005904,2057
16005803,2045
16005525,2020
16005382,1985
16005056,1939
16004796,1889
16004766,1845
16004359,1806
16004158,1767
16003959,1727
16003660,1689
16003516,1653
16003242,1621
16003019,1609
16002737,1624
16002474,1656
16002274,1705
16002082,1761
16001818,1835
16001591,1911
16001338,1981
16001102,2033
16001043,2063
16000840,2073
16000546,2072
16000196,2063
16000123,2061
15999904,2068
15999625,2075
15999410,2075
15999084,2082
15998875,2097
15998783,2112
15998582,2122
15998299,2119
15997981,2107
15997760,2097
15997578,2091
15997288,2091
15997132,2090
15996882,2093
15996630,2097
15996524,2093
15996309,2091
15996097,2087
15995799,2081
15995593,2076
15995353,2076
15995032,2083
15994863,2093
15994572,2099
15994382,2103
15994099,2104
15993861,2097
15993787,2080
15993408,2065
15993158,2055
15993073,2052
15992832,2049
15992565,2061
15992445,2070
15992291,2084
15992137,2088
15991812,2081
15991706,2073
15991516,2070
15991253,2066
15991108,2072
15990766,2073
15990694,2065
15990439,2072
15990250,2081
15990004,2085
15989774,2079
15989482,2060
15989237,2068
15989127,2062
15988782,2061
15988622,2067
15988415,2079
15988148,2087
15987917,2086
15987809,2093
15987538,2102
15987239,2093
15987053,2081
15986888,2057
15986682,2039
15986466,2026
15986200,2029
15986124,2041
15985922,2057
15985877,2077
15985692,2093
15985506,2097
15985538,2091
15985568,2079
15985670,2066
15985617,2059
15985813,2054
15985853,2054
15986325,2061
15986793,2072
15987223,2081
15987856,2091
15988517,2094
15989349,2090
15990274,2082
15991207,2074
15992310,2058
15993359,2044
15994391,2039
15995629,2038
15996829,2035
15998235,2030
15999585,2025
16000826,2028
16002021,2042
16003336,2056
16004677,2063
16005790,2064
16006955,2061
16008138,2059
16009201,2058
16010208,2060
16011116,2064
16012002,2068
16012745,2070
16013611,2077
16014339,2072
16015023,2070
16015670,2069
16016291,2071
16016797,2073
16017283,2066
16017727,2059
16018173,2058
16018711,2061
16019128,2065
16019471,2065
16020049,2062
16020297,2055
16020620,2044
16021011,2033
16021361,2031
16021735,2038
16022188,2045
16022507,2047
16022747,2052
16023112,2055
16023474,2057
16023753,2058
16024037,2057
16024360,2047
16024696,2037
16024980,2035
16025474,2040
16025636,2048
16025926,2055
16026327,2062
16026592,2067
16026861,2067
16027300,2057
16027377,2040
16027866,2028
16028154,2026
16028431,2032
16028794,2035
16029099,2035
16029347,2031
16029602,2039
16029870,2041
16030154,2047
16030436,2046
16030758,2038
16031028,2048
16031251,2045
16031568,2056
16031904,2054
16032094,2042
16032340,2033
16032710,2026
16032902,2043
16033078,2052
16033444,2056
16033697,2060
16033906,2060
16034268,2057
16034500,2059
16034714,2071
16034987,2071
16035245,2071
16035473,2071
16035546,2076
16035789,2088
16035926,2096
16036205,2087
16036421,2069
16036622,2049
16036812,2035
16036942,2041
16037106,2059
16037360,2076
16037540,2084
16037768,2088
16037918,2087
16038158,2081
16038272,2067
16038457,2058
16038723,2058
16038932,2066
16039110,2076
16039267,2078
16039330,2075
16039482,2067
16039562,2057
16039701,2047
16039899,2045
16040013,2039
16040114,2037
16040352,2044
16040411,2057
16040606,2068
16040662,2071
16040749,2069
16040849,2069
16040931,2068
16040954,2069
16041009,2061
16041073,2049
16041144,2041
16041162,2038
16041169,2034
16041293,2039
16041211,2053
16041211,2061
16041182,2064
16041057,2065
16041035,2064
16041065,2070
16040875,2075
16040886,2083
16040635,2087
16040659,2090
16040553,2090
16040365,2079
16040378,2064
16040243,2050
16040088,2046
16039945,2044
16039802,2048
16039608,2058
16039477,2067
16039315,2072
16039339,2067
16039158,2069
16039057,2070
16038938,2073
16038916,2069
16038925,2063
16038746,2050
16038690,2034
16038543,2023
16038422,2020
16038408,2026
16038383,2035
16038266,2039
16038282,2040
16038200,2040
16038134,2032
16038112,2035
16038160,2022
16038029,2018
16037972,2025
16037872,2028
16037963,2053
16037759,2053
16037784,2055
16037705,2053
16037637,2049
16037653,2043
16037696,2037
16037641,2044
16037648,2045
16037588,2033
16037614,2038
16037521,2036
16037361,2036
16037275,2030
16037175,2025
16037226,2024
16037193,2023
16037111,2032
16036957,2041
16036933,2059
16036913,2069
16036807,2085
16036787,2089
16036667,2092
16036563,2088
16036619,2074
16036498,2056
16036259,2036
16036136,2023
16035943,2018
16035912,2012
16035912,2009
16035642,2017
16035575,2023
16035483,2032
16035265,2038
16035182,2039
16035126,2050
16034958,2068
16034699,2086
16034578,2093
16034503,2086
16034396,2062
16034209,2039
16034156,2026
16033944,2025
16033757,2030
16033532,2035
16033433,2038
16033340,2042
16033225,2053
16032974,2061
16032766,2059
16032618,2050
16032439,2041
16032328,2041
16032067,2044
16031971,2051
16031836,2061
16031602,2067
16031496,2065
16031266,2053
16031082,2046
16030972,2041
16030812,2045
16030710,2045
16030510,2037
16030285,2030
16030127,2030
16029837,2039
16029695,2055
16029594,2061
16029363,2069
16029145,2073
16028960,2070
16028780,2060
16028588,2047
16028408,2040
16028205,2039
16028188,2037
16027868,2035
16027715,2031
16027464,2037
16027309,2042
16027146,2050
16026862,2060
16026724,2067
16026483,2067
16026269,2060
16025972,2057
16025773,2052
16025653,2057
16025330,2064
16025100,2069
16024934,2055
16024733,2043
16024573,2024
16024326,2018
16024133,2028
16023829,2028
16023703,2045
16023442,2036
16023293,2032
16022948,2029
16022719,2026
16022580,2030
16022246,2028
16022026,2040
16021758,2041
16021610,2037
16021368,2046
16021246,2053
16020974,2055
16020767,2056
16020485,2055
16020365,2041
16020199,2035
16019967,2041
16019718,2053
16019448,2058
16019245,2061
16019056,2059
16018877,2056
16018680,2056
16018455,2056
16018117,2055
16017844,2055
16017698,2046
16017449,2042
16017323,2040
16016929,2037
16016766,2036
16016620,2031
16016346,2031
16016117,2035
16015742,2037
16015570,2040
16015332,2043
16015109,2043
16014910,2043
16014784,2039
16014532,2033
16014280,2028
16014081,2020
16013764,2011
16013709,2010
16013333,2018
16013050,2035
16012804,2055
16012648,2065
16012329,2064
16012169,2057
16012037,2039
16011798,2025
16011575,2015
16011400,2014
16011159,2022
16010897,2046
16010775,2065
16010612,2083
16010445,2087
16010287,2073
16010042,2050
16009854,2026
16009637,2014
16009525,2014
16009359,2026
16009128,2041
16008905,2047
16008782,2053
16008520,2053
16008366,2050
16008278,2053
16008104,2056
16007789,2059
16007728,2061
16007603,2056
16007302,2046
16007281,2040
16007019,2036
16006757,2035
16006574,2039
16006380,2041
16006249,2039
16006061,2036
16005792,2027
16005644,2007
16005536,1977
16005270,1939
16005055,1900
16004838,1856
16004670,1810
16004438,1758
16004359,1716
16004097,1673
16003950,1654
16003733,1642
16003688,1652
16003450,1682
16003271,1710
16003143,1778
16002949,1835
16002724,1909
16002596,1986
16002426,2043
16002267,2078
16002071,2092
16001960,2107
16001767,2107
16001649,2102
16001443,2095
16001234,2086
16001062,2087
16000914,2084
16000768,2084
16000612,2087
16000424,2089
16000207,2098
16000177,2102
15999888,2113
15999712,2119
15999654,2122
15999451,2122
15999341,2118
15999128,2104
15998964,2093
15998875,2083
15998591,2078
15998544,2081
15998260,2088
15998106,2092
15998027,2091
15997831,2087
15997677,2086
15997473,2092
15997422,2095
15997255,2101
15997145,2104
15996852,2104
15996670,2097
15996517,2085
15996471,2066
15996469,2055
15996275,2052
15996164,2055
15995940,2059
15995720,2063
15995615,2073
15995486,2075
15995339,2087
15995307,2108
15995139,2121
15994952,2124
15994873,2125
15994701,2117
15994484,2107
15994446,2096
15994249,2083
15994120,2072
15993774,2069
15993726,2062
15993451,2065
15993274,2070
15993115,2084
15993041,2097
15992831,2110
15992770,2118
15992541,2117
15992295,2108
15992267,2098
15992005,2081
15991890,2072
15991809,2063
15991775,2065
15991587,2064
15991487,2066
15991586,2067
15991543,2073
15991574,2079
15991674,2082
15991987,2076
15992291,2065
15992666,2055
15992989,2053
15993601,2057
15994188,2059
15994859,2061
15995838,2071
15996646,2078
15997798,2085
15998777,2091
16000006,2089
16001232,2087
16002377,2083
16003680,2073
16005018,2073
16006335,2069
16007720,2067
16008965,2065
16010328,2059
16011529,2069
16012613,2063
16013829,2060
16014941,2057
16016014,2053
16016928,2056
16017919,2053
16018770,2059
16019553,2062
16020467,2062
16021142,2065
16021873,2064
16022532,2065
16023051,2063
16023673,2065
16024308,2057
16024764,2055
16025360,2053
16025799,2058
16026373,2063
16026789,2072
16027232,2088
16027714,2097
16028118,2097
16028500,2082
16028818,2064
16029365,2047
16029689,2034
16030156,2032
16030456,2039
16030798,2055
16031117,2076
16031405,2091
16031795,2099
16032115,2093
16032464,2075
16032840,2056
16033172,2041
16033525,2032
16033896,2029
16034274,2032
16034581,2038
16034882,2050
16035263,2059
16035518,2068
16035830,2076
16036139,2080
16036518,2082
16036897,2080
16037243,2068
16037582,2060
16037803,2053
16038180,2055
16038465,2055
16038784,2058
16039148,2061
16039338,2068
16039742,2067
16040070,2068
16040386,2071
16040719,2064
16041093,2051
16041396,2038
16041727,2028
16041944,2027
16042212,2029
16042490,2038
16042969,2045
16043211,2049
16043498,2043
16043871,2030
16044210,2024
16044421,2032
16044767,2049
16045061,2062
16045371,2069
16045686,2068
16045943,2065
16046192,2062
16046390,2062
16046662,2061
16047064,2057
16047268,2059
16047508,2058
16047866,2057
16048152,2055
16048347,2051
16048581,2047
16048783,2044
16049014,2045
16049243,2049
16049435,2051
16049664,2056
16049959,2057
16050033,2042
16050283,2030
16050580,2016
16050763,2014
16050899,2026
16051081,2041
16051261,2066
16051319,2075
16051482,2074
16051660,2066
16051877,2062
16051883,2045
16051983,2037
16052168,2038
16052300,2047
16052369,2063
16052368,2073
16052423,2085
16052451,2094
16052581,2084
16052629,2091
16052594,2071
16052410,2059
16052398,2042
16052363,2027
16052308,2027
16052245,2026
16052298,2043
16052182,2048
16051977,2053
16051933,2054
16051697,2053
16051633,2052
16051423,2054
16051295,2058
16051126,2062
16050897,2067
16050754,2073
16050604,2080
16050490,2083
16050293,2078
16050057,2071
16049907,2065
16049716,2061
16049513,2056
16049401,2048
16049176,2037
16048972,2025
16048896,2021
16048703,2029
16048513,2044
16048321,2059
16048187,2076
16048012,2082
16047871,2083
16047739,2074
16047619,2061
16047500,2046
16047300,2043
16047177,2045
16046946,2045
16046889,2043
16046629,2043
16046566,2044
16046506,2046
16046307,2046
16046203,2057
16046117,2062
16045972,2068
16045816,2070
16045585,2064
16045498,2053
16045371,2042
16045198,2033
16045041,2030
16044897,2032
16044635,2039
16044488,2047
16044273,2050
16044193,2051
16044052,2049
16043910,2046
16043772,2042
16043430,2038
16043329,2036
16043234,2039
16043008,2046
16042816,2051
16042501,2059
16042370,2066
16042062,2070
16042001,2075
16041771,2075
16041612,2066
16041384,2053
16041125,2038
16040981,2027
16040719,2031
16040516,2044
16040309,2054
16040063,2056
16039888,2059
16039594,2057
16039471,2057
16039137,2064
16039079,2060
16038680,2075
16038367,2065
16038190,2059
16037947,2054
16037711,2051
16037532,2054
16037267,2053
16037014,2059
16036629,2058
16036647,2051
16036352,2046
16036142,2038
16035831,2040
16035583,2044
16035393,2057
16035045,2065
16034833,2064
16034514,2061
16034288,2061
16034086,2061
16033779,2057
16033551,2054
16033294,2050
16033028,2046
16032781,2044
16032603,2045
16032374,2046
16032198,2051
16031854,2051
16031575,2041
16031347,2031
16031147,2022
16031000,2020
16030720,2028
16030532,2031
16030192,2036
16030070,2046
16029722,2061
16029501,2069
16029255,2067
16028977,2067
16028787,2068
16028614,2059
16028299,2044
16028055,2038
16027811,2036
16027589,2031
16027409,2026
16027112,2027
16026888,2031
16026665,2040
16026437,2046
16026197,2047
16026027,2044
16025850,2046
16025561,2044
16025429,2053
16025207,2054
16025029,2060
16024764,2054
16024538,2046
16024280,2034
16024052,2028
16023875,2027
16023689,2039
16023334,2049
16023203,2058
16022961,2063
16022824,2064
16022653,2057
16022411,2046
16022167,2045
16021977,2044
16021850,2044
16021627,2041
16021392,2042
16021142,2046
16021001,2046
16020750,2045
16020492,2040
16020260,2046
16020114,2047
16019799,2051
16019653,2057
16019418,2057
16019290,2061
16019258,2061
16018871,2058
16018665,2049
16018473,2040
16018241,2041
16018138,2046
16017894,2057
16017650,2068
16017447,2075
16017303,2073
16017034,2063
16016969,2049
16016706,2036
16016602,2014
16016353,2015
16016300,2010
16016027,2016
16015815,2019
16015654,2013
16015547,2002
16015352,1994
16015092,2003
16014984,2006
16014842,2000
16014670,2003
16014515,2002
16014489,2008
16014189,2006
16013989,2015
16013890,2022
16013729,2033
16013689,2037
16013493,2042
16013275,2052
16013322,2059
16013094,2062
16012889,2059
16012865,2055
16012770,2051
16012609,2051
16012500,2046
16012402,2036
16012231,2030
16012134,2030
16012063,2039
16011967,2050
16011858,2056
16011712,2057
16011626,2053
16011543,2047
16011402,2044
16011259,2041
16011149,2034
16011050,2028
16010876,2028
16010782,2029
16010618,2033
16010589,2042
16010342,2051
16010298,2050
16010224,2041
16010100,2027
16009892,2019
16009770,2024
16009554,2030
16009320,2029
16009205,2011
16008992,1995
16008941,1980
16008797,1967
16008512,1939
16008417,1901
16008285,1859
16008004,1808
16007778,1755
16007594,1703
16007424,1662
16007198,1634
16007048,1632
16006908,1654
16006613,1698
16006451,1747
16006294,1802
16006136,1856
16005920,1913
16005658,1966
16005624,1999
16005437,2026
16005145,2047
16005055,2055
16004781,2058
16004682,2062
16004431,2069
16004344,2079
16004174,2084
16004039,2087
16003916,2083
16003831,2078
16003584,2073
16003361,2069
16003213,2066
16002970,2070
16002772,2075
16002616,2078
16002526,2080
16002231,2077
16001892,2081
16001788,2083
16001656,2080
16001330,2084
16001249,2079
16001104,2077
16000828,2076
16000503,2065
16000206,2070
16000004,2062
15999677,2060
15999428,2070
15999186,2088
15998932,2104
15998687,2110
15998437,2110
15998231,2099
15997875,2088
15997586,2085
15997421,2078
15997210,2071
15996853,2061
15996598,2055
15996313,2053
15996160,2062
15995655,2069
15995452,2077
15995259,2085
15994905,2089
15994526,2086
15994275,2075
15994017,2069
15993699,2060
15993350,2056
15992949,2054
15992660,2055
15992367,2060
15992087,2075
15991859,2089
15991626,2099
15991388,2099
15990925,2093
15990624,2083
15990449,2072
15990096,2067
15989900,2068
15989670,2070
15989323,2070
15989044,2067
15988974,2067
15988823,2062
15988493,2061
15988336,2061
15988278,2068
15988069,2071
15988255,2073
15988241,2069
15988321,2059
15988540,2057
15988753,2057
15989120,2060
15989600,2068
15990196,2074
15990895,2075
15991560,2072
15992474,2064
15993425,2057
15994313,2051
15995346,2051
15996564,2054
15997591,2051
15998964,2054
16000207,2059
16001584,2066
16002774,2067
16004228,2065
16005460,2052
16006798,2047
16007910,2057
16009209,2069
16010258,2076
16011264,2074
16012451,2063
16013333,2050
16014297,2046
16015187,2045
16015887,2040
16016551,2032
16017219,2031
16017810,2039
16018348,2049
16019006,2057
16019485,2065
16019885,2072
16020334,2077
16020703,2079
16021216,2080
16021670,2075
16022068,2061
16022362,2047
16022762,2040
16023228,2037
16023521,2023
16023977,2016
16024330,2011
16024533,2016
16024881,2029
16025187,2032
16025475,2054
16025925,2055
16026115,2064
16026437,2072
16026762,2082
16027075,2086
16027309,2076
16027705,2068
16028126,2051
16028221,2035
16028540,2028
16028861,2028
16029267,2032
16029616,2027
16029913,2024
16030136,2028
16030533,2038
16030834,2051
16031194,2062
16031487,2077
16031813,2090
16031991,2098
16032379,2102
16032683,2095
16032931,2082
16033337,2066
16033551,2060
16033883,2061
16034072,2061
16034377,2058
16034735,2045
16034991,2035
16035337,2023
16035551,2015
16035966,2019
16036199,2028
16036504,2037
16036925,2045
16037072,2051
16037510,2052
16037761,2059
16037900,2070
16038335,2078
16038598,2071
16038910,2062
16039086,2053
16039391,2048
16039686,2058
16040015,2068
16040230,2074
16040527,2078
16040814,2081
16040994,2081
16041346,2074
16041529,2059
16041791,2043
16041981,2039
16042271,2043
16042542,2051
16042714,2064
16042919,2072
16043119,2076
16043350,2073
16043460,2069
16043607,2068
16043794,2069
16043967,2074
16044114,2080
16044334,2081
16044409,2081
16044533,2077
16044683,2075
16044764,2073
16044894,2069
16044912,2063
16044954,2056
16045028,2055
16045152,2052
16045161,2045
16045205,2051
16045248,2055
16045281,2054
16045139,2054
16045225,2056
16045155,2067
16045116,2084
16045020,2101
16044846,2110
16044797,2105
16044614,2100
16044474,2089
16044252,2081
16044130,2070
16044116,2059
16043867,2045
16043650,2047
16043647,2044
16043358,2038
16043239,2030
16043066,2023
16042953,2049
16042818,2066
16042597,2078
16042569,2075
16042294,2067
16042207,2063
16042013,2057
16041849,2068
16041691,2067
16041726,2060
16041672,2056
16041525,2046
16041333,2034
16041266,2026
16041121,2024
16041122,2012
16040966,2010
16040804,2020
16040713,2046
16040594,2066
16040614,2070
16040576,2060
16040523,2044
16040330,2027
16040121,2025
16040021,2034
16040043,2046
16039931,2061
16039838,2075
16039820,2091
16039657,2087
16039606,2074
16039336,2059
16039274,2045
16039259,2037
16039266,2035
16039049,2041
16039005,2046
16038811,2047
16038659,2044
16038410,2040
16038368,2038
16038293,2037
16038094,2050
16037958,2059
16037865,2063
16037782,2065
16037647,2061
16037540,2061
16037373,2056
16037153,2050
16037139,2044
16036926,2041
16036859,2041
16036769,2045
16036610,2056
16036321,2065
16036230,2078
16036010,2083
16036029,2078
16035773,2072
16035709,2065
16035517,2053
16035462,2046
16035254,2045
16035033,2045
16034908,2046
16034796,2055
16034665,2059
16034509,2065
16034332,2071
16034160,2079
16034083,2082
16033844,2084
16033735,2087
16033632,2095
16033475,2102
16033243,2097
16033120,2087
16032946,2071
16032699,2053
16032694,2039
16032471,2034
16032377,2045
16032252,2047
16032051,2051
16031791,2056
16031723,2053
16031737,2049
16031553,2055
16031397,2068
16031202,2073
16031060,2067
16030829,2057
16030749,2044
16030757,2047
16030435,2057
16030377,2064
16030198,2076
16030145,2080
16029880,2096
16029699,2085
16029506,2068
16029332,2046
16029065,2031
16028820,2024
16028670,2019
16028523,2033
16028404,2038
16028202,2037
16027984,2040
16027844,2041
16027655,2044
16027456,2048
16027325,2054
16027123,2057
16026892,2067
16026631,2077
16026409,2079
16026245,2072
16026159,2065
16025840,2057
16025716,2052
16025560,2051
16025366,2043
16025102,2039
16024903,2039
16024704,2050
16024480,2059
16024251,2064
16024091,2071
16023994,2082
16023589,2095
16023476,2099
16023436,2087
16023109,2072
16022991,2063
16022728,2060
16022638,2055
16022497,2053
16022412,2050
16022146,2047
16021896,2050
16021689,2061
16021511,2067
16021393,2067
16021334,2062
16020979,2063
16020870,2076
16020682,2083
16020593,2082
16020415,2071
16020242,2061
16019953,2051
16019819,2038
16019712,2029
16019531,2024
16019347,2029
16019309,2037
16019102,2045
16018904,2055
16018786,2066
16018572,2069
16018348,2065
16018170,2060
16017936,2046
16017855,2025
16017662,2005
16017523,1993
16017371,1994
16017195,2000
16016910,2007
16016750,2007
16016619,2009
16016522,2014
16016347,2022
16016154,2032
16016024,2045
16015690,2057
16015639,2060
16015398,2054
16015196,2048
16014928,2045
16014803,2045
16014579,2043
16014457,2041
16014315,2047
16014146,2057
16013935,2062
16013734,2065
16013575,2062
16013345,2059
16013266,2056
16013056,2060
16012969,2057
16012764,2066
16012573,2069
16012452,2074
16012237,2075
16012076,2064
16011739,2066
16011730,2054
16011483,2057
16011333,2065
16011241,2070
16010968,2071
16010848,2054
16010739,2050
16010488,2032
16010298,2019
16010188,2015
16010017,2018
16009785,2025
16009732,2035
16009495,2046
16009347,2051
16009243,2046
16009077,2029
16008802,2009
16008745,1984
16008639,1957
16008336,1933
16008242,1906
16008043,1876
16007817,1837
16007534,1791
16007525,1746
16007446,1707
16007065,1681
16006958,1674
16006896,1686
16006750,1720
16006609,1761
16006404,1802
16006150,1851
16006057,1915
16005968,1975
16005744,2025
16005522,2064
16005291,2087
16005199,2099
16005011,2103
16004851,2105
16004708,2094
16004541,2091
16004369,2092
16004169,2087
16004017,2079
16003920,2067
16003677,2059
16003529,2055
16003265,2062
16003170,2074
16002843,2083
16002809,2088
16002579,2091
16002441,2093
16002218,2092
16002143,2094
16001928,2091
16001695,2087
16001529,2091
16001319,2097
16001128,2106
16000924,2109
16000808,2109
16000631,2101
16000569,2096
16000285,2098
16000175,2098
15999960,2092
15999820,2090
15999617,2086
15999520,2082
15999305,2076
15999189,2072
15999038,2085
15998894,2099
15998678,2106
15998535,2101
15998432,2091
15998156,2086
15997924,2084
15997772,2084
15997661,2085
15997521,2082
15997225,2083
15997071,2083
15996962,2084
15996808,2083
15996565,2078
15996331,2071
15996119,2063
15995953,2060
15995818,2055
15995598,2054
15995492,2055
15995318,2063
15995106,2075
15994995,2079
15994768,2093
15994535,2087
15994389,2082
15994324,2075
15994291,2060
15994157,2051
15994075,2040
15994084,2040
15994088,2045
15994089,2046
15994190,2057
15994227,2065
15994522,2071
15994731,2067
15995162,2057
15995532,2050
15996105,2047
15996710,2041
15997537,2050
15998365,2067
15999369,2086
16000374,2096
16001335,2095
16002510,2082
16003711,2073
16004911,2077
16006161,2081
16007494,2082
16008903,2078
16010212,2072
16011545,2074
16012725,2068
16014175,2071
16015266,2072
16016505,2067
16017502,2059
16018651,2047
16019660,2038
16020575,2032
16021461,2029
16022344,2031
16023156,2042
16023964,2056
16024601,2071
16025244,2078
16025936,2076
16026553,2063
16027242,2049
16027767,2043
16028348,2044
16028856,2045
16029447,2043
16029791,2048
16030248,2051
16030792,2048
16031186,2044
16031583,2047
16032109,2057
16032568,2074
16033009,2088
16033445,2094
16033739,2095
16034321,2092
16034655,2084
16035073,2070
16035576,2055
16035932,2035
16036367,2023
16036600,2015
16036947,2015
16037516,2023
16037819,2032
16038197,2041
16038534,2045
16038987,2042
16039311,2037
16039690,2040
16040146,2042
16040518,2039
16040873,2038
16041244,2036
16041481,2039
16041860,2043
16042175,2052
16042667,2064
16042957,2070
16043346,2068
16043739,2057
16044082,2051
16044424,2055
16044691,2070
16045014,2076
16045301,2067
16045697,2056
16046115,2036
16046459,2032
16046743,2031
16047084,2034
16047319,2033
16047682,2026
16047864,2033
16048309,2022
16048634,2023
16048873,2023
16049261,2029
16049466,2044
16049871,2055
16050097,2074
16050369,2073
16050781,2057
16050941,2047
16051355,2039
16051516,2038
16051763,2041
16052045,2048
16052254,2051
16052661,2048
16052759,2041
16053197,2035
16053380,2041
16053651,2037
16053834,2036
16053979,2035
16054305,2038
16054414,2041
16054793,2040
16055019,2038
16055154,2030
16055356,2034
16055574,2044
16055725,2060
16055973,2072
16056226,2077
16056383,2073
16056512,2066
16056670,2055
16056811,2046
16056973,2038
16057222,2029
16057285,2031
16057450,2039
16057536,2053
16057595,2068
16057752,2072
16057734,2068
16057873,2061
16057909,2053
16057976,2054
16057991,2059
16058063,2050
16058106,2037
16057997,2036
16058061,2036
16058066,2037
16057999,2043
16057954,2054
16057876,2065
16057705,2071
16057721,2073
16057631,2070
16057381,2069
16057307,2071
16057212,2072
16057086,2069
16056882,2058
16056696,2045
16056452,2034
16056369,2022
16056248,2016
16055950,2021
16055804,2031
16055725,2042
16055531,2047
16055370,2053
16055216,2050
16055073,2041
16055016,2038
16054836,2030
16054693,2024
16054427,2024
16054297,2028
16054073,2036
16053951,2047
16053845,2062
16053802,2068
16053501,2064
16053441,2061
16053360,2054
16053287,2047
16053135,2040
16053032,2029
16052821,2025
16052792,2023
16052767,2029
16052559,2027
16052478,2037
16052390,2038
16052181,2042
16052067,2051
16051972,2052
16051916,2063
16051785,2055
16051707,2057
16051605,2057
16051564,2048
16051406,2034
16051188,2021
16051241,2025
16050981,2020
16050825,2004
16050806,2009
16050626,2023
16050508,2038
16050541,2046
16050373,2054
16050105,2050
16050034,2045
16049899,2038
16049850,2039
16049738,2044
16049654,2048
16049490,2050
16049387,2051
16049199,2047
16049153,2049
16048947,2046
16048799,2045
16048630,2044
16048511,2044
16048427,2047
16048322,2055
16048200,2059
16048011,2054
16047763,2049
16047628,2050
16047506,2049
16047388,2057
16047223,2060
16046970,2063
16046818,2059
16046782,2055
16046624,2042
16046454,2037
16046395,2035
16046091,2042
16045928,2042
16045754,2039
16045625,2040
16045468,2045
16045337,2053
16045134,2063
16044942,2071
16044809,2073
16044721,2075
16044486,2066
16044231,2058
16044073,2052
16043951,2043
16043873,2035
16043757,2031
16043502,2034
16043372,2039
16043029,2043
16042920,2048
16042643,2046
16042563,2055
16042369,2070
16042106,2079
16041944,2079
16041718,2067
16041615,2046
16041466,2018
16041184,1998
16041110,1997
16040803,2008
16040677,2019
16040440,2030
16040370,2039
16040013,2045
16040021,2048
16039667,2054
16039615,2057
16039401,2056
16039202,2055
16038910,2049
16038791,2047
16038731,2053
16038338,2061
16038213,2063
16038000,2058
16037832,2047
16037736,2043
16037481,2042
16037256,2041
16037082,2038
16037031,2038
16036776,2028
16036572,2024
16036457,2021
16036168,2006
16036021,2018
16035851,2026
16035688,2044
16035405,2057
16035328,2062
16035219,2069
16035034,2067
16034774,2071
16034588,2059
16034359,2037
16034243,2028
16034076,2019
16033865,2014
16033659,2016
16033371,2030
16033226,2043
16033129,2054
16033018,2063
16032746,2064
16032705,2058
16032412,2054
16032182,2054
16032162,2062
16032024,2065
16031674,2060
16031530,2050
16031283,2046
16031127,2042
16031001,2037
16030841,2034
16030595,2045
16030401,2048
16030337,2054
16030044,2063
16029912,2074
16029626,2078
16029522,2077
16029338,2076
16029222,2074
16028930,2069
16028673,2040
16028510,2008
16028291,1987
16028174,1976
16028014,1982
16027810,1986
16027557,1991
16027384,1997
16027329,1995
16027025,1996
16026852,2009
16026728,2018
16026454,2031
16026359,2046
16025961,2058
16025917,2063
16025815,2063
16025620,2058
16025294,2055
16025170,2051
16024998,2050
16024814,2051
16024658,2056
16024602,2060
16024443,2061
16024175,2063
16023875,2062
16023792,2063
16023419,2061
16023423,2060
16023146,2056
16023022,2061
16022868,2063
16022655,2060
16022358,2063
16022232,2067
16022074,2074
16021838,2077
16021601,2077
16021425,2067
16021181,2051
16021004,2037
16020878,2032
16020700,2047
16020361,2064
16020276,2076
16020002,2079
16019917,2067
16019563,2045
16019382,2020
16019138,1997
16018949,1975
16018851,1949
16018547,1917
16018480,1872
16018240,1823
16017945,1766
16017800,1708
16017547,1669
16017428,1630
16017119,1631
16016961,1626
16016835,1648
16016511,1691
16016451,1743
16016139,1806
16015945,1879
16015815,1961
16015662,2019
16015357,2047
16015195,2070
16015041,2073
16014742,2079
16014652,2093
16014461,2100
16014262,2103
16014042,2097
16013800,2087
16013713,2080
16013508,2075
16013321,2076
16013147,2086
16012916,2103
16012663,2113
16012563,2111
16012374,2108
16012235,2101
16012065,2100
16011793,2100
16011600,2096
16011506,2087
16011287,2081
16011045,2080
16010861,2081
16010567,2082
16010399,2082
16010211,2083
16010008,2084
16009764,2091
16009541,2105
16009352,2113
16009109,2114
16009047,2106
16008861,2092
16008593,2083
16008403,2079
16008160,2080
16008055,2084
16007862,2083
16007709,2084
16007425,2089
16007466,2097
16007167,2106
16006978,2105
16006822,2101
16006663,2096
16006586,2088
16006316,2075
16006166,2070
16005968,2069
16005837,2068
16005514,2067
16005310,2075
16005222,2083
16004919,2084
16004779,2088
16004640,2094
16004523,2088
16004209,2077
16004031,2070
16003883,2069
16003635,2071
16003430,2071
16003351,2063
16003125,2062
16002939,2068
16002768,2083
16002511,2097
16002561,2104
16002462,2097
16002316,2078
16002277,2066
16002167,2063
16002333,2075
16002338,2082
16002470,2084
16002804,2083
16003012,2079
16003329,2071
16003688,2067
16004348,2072
16004866,2076
16005780,2072
16006539,2063
16007557,2045
16008510,2040
16009570,2038
16010705,2046
16011979,2057
16013151,2064
16014391,2063
16015689,2069
16016952,2079
16018205,2079
16019588,2081
16020779,2073
16022173,2070
16023350,2072
16024415,2067
16025543,2072
16026673,2056
16027679,2051
16028613,2042
16029503,2036
16030361,2037
16031216,2034
16031943,2047
16032728,2048
16033351,2044
16033978,2039
16034575,2042
16035119,2048
16035651,2060
16036048,2064
16036533,2067
16037081,2065
16037509,2058
16038103,2055
16038531,2054
16038906,2052
16039335,2047
16039671,2053
16040090,2053
16040368,2051
16040743,2054
16041250,2062
16041516,2069
16041966,2077
16042305,2075
16042659,2068
16042933,2064
16043385,2061
16043640,2062
16043875,2062
16044319,2063
16044788,2065
16045021,2064
16045380,2066
16045568,2065
16045959,2063
16046264,2062
16046648,2063
16046823,2062
16047097,2066
16047345,2074
16047735,2077
16048060,2083
16048218,2092
16048576,2090
16048860,2082
16049180,2068
16049512,2056
16049747,2045
16049960,2035
16050219,2025
16050517,2021
16050836,2025
16051028,2033
16051328,2045
16051596,2061
16051800,2064
16052170,2062
16052336,2052
16052504,2049
16052718,2044
16053166,2054
16053312,2059
16053612,2058
16053855,2054
16054065,2053
16054294,2059
16054566,2065
16054794,2069
16054972,2062
16055312,2048
16055513,2033
16055762,2016
16055891,2005
16056168,2005
16056410,2009
16056623,2012
16056842,2025
16057006,2041
16057146,2059
16057378,2065
16057516,2069
16057666,2065
16057971,2067
16058063,2067
16058244,2055
16058394,2067
16058560,2061
16058680,2062
16058855,2074
16058856,2082
16058963,2084
16059040,2066
16059160,2057
16059238,2039
16059213,2023
16059198,2016
16059266,2019
16059324,2020
16059366,2031
16059440,2049
16059447,2054
16059367,2052
16059308,2046
16059238,2042
16059178,2035
16059162,2037
16059125,2047
16058949,2054
16058862,2060
16058719,2061
16058541,2060
16058415,2062
16058231,2062
16058023,2061
16057936,2052
16057868,2044
16057553,2040
16057379,2039
16057290,2046
16057200,2051
16057017,2043
16056881,2039
16056652,2038
16056417,2037
16056299,2044
16056080,2048
16055909,2051
16055868,2057
16055650,2059
16055536,2060
16055415,2055
16055183,2054
16055121,2053
16054905,2061
16054769,2063
16054600,2056
16054569,2053
16054505,2046
16054377,2034
16054183,2023
16054099,2017
16053982,2013
16053843,2018
16053698,2024
16053668,2026
16053590,2031
16053484,2038
16053315,2048
16053145,2055
16053072,2061
16053026,2063
16052816,2056
16052690,2051
16052638,2038
16052432,2030
16052340,2027
16052203,2035
16052052,2049
16051899,2062
16051797,2071
16051585,2067
16051538,2065
16051299,2059
16051112,2052
16051026,2037
16050976,2025
16050691,2030
16050597,2051
16050465,2073
16050340,2076
16050192,2065
16050066,2040
16049785,2024
16049684,2013
16049546,2007
16049470,2007
16049314,2010
16049117,2015
16049080,2020
16048953,2012
16048659,2012
16048555,2004
16048421,2006
16048271,2018
16048083,2022
16047923,2045
16047860,2047
16047652,2046
16047574,2039
16047382,2034
16047360,2023
16047191,2016
16046925,2032
16046867,2036
16046677,2032
16046500,2034
16046346,2031
16046234,2028
16046042,2023
16045775,2028
16045586,2036
16045453,2036
16045289,2043
16045049,2054
16044701,2059
16044770,2060
16044383,2057
16044303,2053
16044114,2053
16043962,2050
16043617,2044
16043470,2040
16043175,2041
16043080,2048
16042840,2053
16042601,2057
16042461,2054
16042168,2056
16041843,2055
16041671,2053
16041397,2055
16041305,2061
16041025,2064
16040837,2061
16040532,2056
16040244,2053
16039986,2054
16039861,2055
16039626,2054
16039412,2052
16039209,2045
16039110,2040
16038908,2045
16038642,2052
16038454,2061
16038225,2066
16038016,2060
16037873,2045
16037605,2033
16037451,2027
16037306,2026
16037093,2033
16036999,2040
16036777,2041
16036638,2047
16036412,2046
16036254,2040
16035996,2038
16035898,2035
16035645,2034
16035539,2038
16035334,2041
16035173,2051
16035065,2066
16034963,2079
16034807,2088
16034580,2092
16034401,2080
16034232,2055
16033979,2039
16033891,2035
16033631,2039
16033443,2043
16033262,2042
16033153,2040
16032939,2041
16032736,2042
16032514,2043
16032388,2043
16032167,2043
16031936,2045
16031572,2049
16031525,2047
16031346,2040
16031217,2038
16030902,2033
16030768,2038
16030507,2040
16030340,2037
16030153,2036
16029939,2050
16029817,2062
16029642,2067
16029374,2072
16029093,2060
16028791,2065
16028532,2047
16028403,2040
16028232,2034
16027992,2034
16027799,2030
16027448,2024
16027330,2026
16027084,2014
16026846,1998
16026781,1990
16026523,1980
16026314,1977
16026180,1979
16025917,1986
16025756,1993
16025665,2003
16025473,2010
16025216,2022
16025031,2022
16024811,2035
16024741,2048
16024608,2062
16024423,2069
16024133,2067
16023901,2071
16023724,2063
16023589,2061
16023407,2056
16023211,2053
16022824,2055
16022714,2060
16022551,2065
16022346,2067
16022082,2066
16021963,2052
16021715,2041
16021566,2035
16021430,2034
16021201,2035
16020956,2037
16020845,2045
16020572,2054
16020390,2063
16020118,2069
16019996,2071
16019764,2065
16019596,2056
16019327,2043
16019148,2029
16018894,2026
16018751,2028
16018556,2032
16018367,2030
16018081,2033
16017751,2042
16017543,2052
16017322,2045
16017131,2028
16016917,1996
16016687,1953
16016574,1909
16016319,1866
16016106,1822
16015786,1777
16015590,1734
16015407,1683
16015155,1642
16014976,1612
16014811,1598
16014616,1607
16014336,1639
16014111,1689
16013918,1756
16013658,1823
16013554,1890
16013259,1954
16013033,2008
16012709,2051
16012415,2081
16012199,2106
16012021,2117
16011743,2119
16011509,2114
16011334,2109
16011029,2107
16010745,2099
16010558,2086
16010277,2071
16010100,2067
16009917,2067
16009655,2071
16009291,2076
16009129,2089
16008962,2096
16008774,2108
16008432,2107
16008298,2104
16007970,2106
16007835,2105
16007542,2118
16007285,2105
16007017,2097
16006770,2087
16006657,2073
16006434,2065
16006256,2059
16006020,2077
16005793,2089
16005487,2090
16005472,2089
16005221,2081
16005005,2078
16004818,2075
16004703,2080
16004403,2077
16004314,2065
16004067,2061
16003981,2061
16003849,2065
16003703,2072
16003411,2088
16003208,2095
16003161,2098
16003054,2101
16002884,2100
16002691,2095
16002582,2087
16002262,2082
16002180,2083
16001936,2085
16001744,2087
16001646,2088
16001413,2092
16001211,2092
16000904,2086
16000861,2076
16000612,2070
16000434,2065
16000280,2062
15999988,2063
15999869,2065
15999684,2073
15999369,2076
15999202,2076
15999111,2083
15998961,2090
15998776,2095
15998479,2097
15998441,2098
15998371,2102
15998324,2103
15998174,2089
15998207,2070
15998322,2055
15998464,2046
15998576,2045
15998812,2040
15999170,2030
15999688,2016
16000107,2011
16000837,2020
16001564,2037
16002440,2056
16003275,2072
16004325,2083
16005402,2085
16006545,2077
16007728,2077
16008941,2074
16010146,2072
16011469,2065
16012802,2055
16014131,2041
16015598,2038
16016821,2046
16018189,2057
16019296,2063
16020481,2066
16021575,2058
16022652,2054
16023644,2052
16024702,2053
16025546,2060
16026319,2063
16027081,2060
16027984,2056
16028545,2058
16029242,2053
16029818,2047
16030390,2041
16030987,2043
16031495,2044
16031874,2043
16032383,2040
16032784,2053
16033364,2053
16033642,2064
16034085,2062
16034434,2057
16034812,2057
16035257,2055
16035742,2058
16036106,2056
16036421,2054
16036562,2061
16036953,2075
16037397,2070
16037718,2064
16038052,2047
16038396,2027
16038789,2010
16039087,2003
16039411,2031
16039811,2046
16040117,2058
16040434,2062
16040671,2053
16041002,2050
16041462,2042
16041771,2054
16042039,2051
16042326,2041
16042677,2035
16043001,2034
16043254,2041
16043536,2050
16043887,2054
16044219,2055
16044562,2051
16044883,2052
16045087,2053
16045443,2053
16045742,2063
16046092,2068
16046389,2067
16046738,2055
16046999,2051
16047220,2053
16047572,2061
16047903,2065
16048200,2065
16048521,2067
16048653,2067
16048949,2070
16049244,2070
16049520,2069
16049845,2063
16050037,2052
16050365,2036
16050745,2024
16050924,2029
16051208,2045
16051468,2055
16051581,2055
16051843,2051
16052012,2050
16052374,2050
16052580,2057
16052825,2066
16053079,2075
16053359,2074
16053479,2071
16053717,2063
16053950,2057
16054166,2053
16054467,2055
16054578,2057
16054699,2060
16054895,2065
16055085,2067
16055214,2069
16055288,2069
16055501,2070
16055546,2073
16055636,2080
16055752,2079
16055943,2071
16055998,2069
16056057,2070
16056147,2063
16056371,2057
16056306,2057
16056402,2054
16056347,2053
16056269,2049
16056291,2046
16056234,2051
16056348,2047
16056298,2038
16056139,2047
16056155,2061
16056044,2071
16055957,2088
16055756,2088
16055645,2082
16055508,2065
16055537,2052
16055434,2046
16055235,2041
16055080,2050
16054925,2042
16054922,2041
16054622,2043
16054628,2047
16054483,2047
16054320,2052
16054178,2060
16054060,2060
16053951,2054
16053752,2060
16053759,2071
16053643,2081
16053477,2083
16053288,2079
16053179,2067
16053102,2061
16052898,2057
16052799,2056
16052776,2061
16052606,2065
16052444,2068
16052451,2061
16052372,2057
16052186,2052
16052174,2051
16052094,2051
16052090,2052
16051917,2058
16051803,2051
16051655,2045
16051513,2046
16051487,2042
16051472,2035
16051249,2029
16051128,2029
16051095,2033
16050962,2046
16051029,2051
16050886,2060
16050710,2067
16050585,2073
16050642,2075
16050574,2063
16050349,2044
16050227,2038
16050048,2039
16050089,2044
16049944,2045
16049862,2053
16049864,2058
16049828,2062
16049572,2072
16049518,2078
16049371,2075
16049331,2063
16049276,2056
16049210,2055
16049007,2049
16048835,2047
16048663,2043
16048670,2039
16048583,2042
16048502,2046
16048310,2050
16048103,2052
16047929,2053
16047760,2058
16047608,2057
16047602,2056
16047514,2054
16047280,2051
16047073,2053
16046916,2055
16046782,2047
16046544,2040
16046416,2038
16046267,2042
16046097,2047
16045939,2055
16045763,2058
16045587,2057
16045370,2061
16045329,2068
16045022,2080
16044966,2082
16044769,2082
16044541,2076
16044420,2063
16044259,2044
16044071,2031
16043831,2027
16043771,2024
16043525,2025
16043306,2019
16043215,2021
16043019,2021
16042812,2024
16042677,2029
16042574,2027
16042325,2042
16042294,2035
16042077,2033
16041909,2040
16041844,2053
16041539,2060
16041329,2074
16041227,2098
16041171,2091
16041000,2065
16040745,2042
16040640,2029
16040525,2028
16040371,2036
16040140,2050
16039969,2051
16039881,2044
16039711,2038
16039502,2020
16039311,2011
16039150,2017
16038906,2032
16038813,2052
16038595,2066
16038423,2074
16038241,2071
16038034,2067
16037912,2059
16037597,2044
16037459,2034
16037256,2027
16036981,2029
16036795,2039
16036689,2050
16036446,2053
16036319,2048
16036129,2040
16036091,2044
16035746,2057
16035582,2066
16035371,2058
16035177,2049
16034975,2040
16034805,2034
16034726,2035
16034593,2035
16034424,2038
16034281,2045
16034041,2049
16033939,2050
16033799,2052
16033649,2053
16033501,2061
16033344,2070
16033187,2077
16033011,2077
16032892,2075
16032858,2070
16032693,2061
16032529,2050
16032527,2040
16032398,2037
16032176,2039
16032164,2043
16031956,2046
16031937,2049
16031772,2041
16031691,2028
16031474,2029
16031331,2037
16031194,2043
16031154,2040
16030969,2028
16030918,2020
16030724,2007
16030614,2003
16030486,1998
16030363,2000
16030283,2008
16030181,2014
16030018,2023
16029885,2027
16029734,2022
16029579,2015
16029548,2010
16029438,2013
16029279,2014
16029142,2022
16028906,2030
16028856,2034
16028717,2043
16028606,2051
16028312,2056
16028212,2057
16028055,2061
16027972,2065
16027736,2061
16027541,2051
16027365,2040
16027165,2029
16027017,2040
16026929,2037
16026783,2044
16026577,2051
16026375,2057
16026322,2061
16025986,2053
16025798,2061
16025587,2056
16025458,2033
16025233,2023
16025076,2024
16024938,2032
16024739,2047
16024443,2078
16024280,2090
16024100,2089
16023868,2073
16023603,2059
16023386,2042
16023281,2032
16023091,2017
16022900,2003
16022648,1987
16022511,1969
16022216,1947
16022064,1923
16021793,1888
16021632,1848
16021509,1800
16021196,1754
16021002,1716
16020907,1685
16020650,1660
16020390,1648
16020230,1658
16020067,1681
16019815,1724
16019576,1773
16019432,1830
16019174,1897
16018984,1960
16018783,2018
16018757,2065
16018445,2096
16018308,2119
16018121,2130
16017878,2131
16017597,2126
16017487,2115
16017345,2106
16017223,2098
16017046,2089
16016695,2089
16016601,2092
16016308,2099
16016190,2105
16015890,2111
16015846,2107
16015622,2102
16015402,2093
16015235,2084
16014910,2076
16014816,2072
16014710,2078
16014486,2084
16014207,2095
16014011,2110
16013799,2117
16013727,2114
16013518,2108
16013212,2102
16013119,2099
16012914,2090
16012759,2085
16012506,2081
16012325,2079
16012257,2080
16012003,2076
16011931,2075
16011689,2081
16011530,2088
16011476,2094
16011271,2097
16011144,2099
16010931,2092
16010690,2079
16010574,2071
16010463,2065
16010322,2071
16010153,2082
16009890,2091
16009845,2092
16009646,2086
16009546,2075
16009323,2075
16009186,2072
16009079,2076
16008846,2085
16008760,2081
16008506,2089
16008350,2077
16008081,2073
16007971,2061
16007714,2056
16007559,2050
16007353,2050
16007231,2063
16007058,2065
16006952,2057
16006738,2057
16006733,2064
16006527,2074
16006445,2080
16006274,2090
16006284,2091
16006243,2089
16006257,2088
16006442,2083
16006553,2074
16006814,2068
16007102,2072
16007534,2082
16007866,2090
16008482,2100
16009200,2113
16009745,2117
16010620,2108
16011518,2092
16012400,2075
16013517,2055
16014672,2033
16015806,2020
16016916,2020
16018088,2027
16019318,2032
16020671,2033
16021806,2036
16023082,2044
16024380,2051
16025441,2053
16026603,2049
16027833,2043
16028880,2045
16029819,2053
16030778,2061
16031676,2071
16032602,2071
16033322,2072
16034121,2065
16034892,2054
16035594,2044
16036273,2046
16036914,2045
16037507,2042
16037957,2041
16038514,2047
16039092,2054
16039589,2059
16040132,2063
16040623,2066
16041046,2057
16041464,2054
16042027,2051
16042432,2044
16042860,2039
16043226,2037
16043837,2042
16044170,2047
16044523,2052
16044899,2058
16045245,2061
16045629,2060
16046048,2058
16046474,2057
16046852,2057
16047227,2057
16047541,2055
16047906,2051
16048282,2046
16048599,2039
16048940,2040
16049277,2054
16049660,2066
16049879,2069
16050277,2058
16050610,2051
16050991,2047
16051310,2050
16051549,2051
16051857,2048
16052276,2046
16052479,2043
16052820,2040
16053130,2033
16053376,2035
16053846,2033
16054071,2036
16054442,2045
16054646,2038
16054909,2046
16055243,2043
16055541,2039
16055877,2035
16056263,2039
16056424,2046
16056823,2047
16057014,2052
16057256,2041
16057483,2027
16057750,2022
16058084,2021
16058282,2031
16058682,2036
16058991,2047
16059134,2052
16059490,2055
16059679,2051
16059974,2054
16060146,2052
16060360,2044
16060649,2033
16060909,2035
16061123,2040
16061328,2046
16061554,2053
16061624,2062
16061959,2073
16062021,2078
16062206,2074
16062497,2065
16062781,2059
16062792,2057
16063023,2060
16063129,2061
16063400,2059
16063453,2054
16063616,2041
16063899,2035
16064057,2030
16064086,2023
16064178,2021
16064301,2030
16064339,2043
16064409,2052
16064373,2064
16064517,2073
16064497,2085
16064547,2089
16064597,2078
16064634,2061
16064651,2043
16064590,2032
16064516,2031
16064430,2033
16064373,2038
16064322,2046
16064216,2053
16064147,2053
16063951,2053
16063768,2049
16063646,2052
16063666,2048
16063416,2048
16063246,2053
16063113,2060
16062848,2065
16062792,2063
16062598,2059
16062403,2055
16062344,2050
16062200,2037
16062100,2027
16061891,2024
16061830,2030
16061677,2035
16061488,2039
16061362,2041
16061181,2039
16061054,2041
16061000,2041
16060945,2044
16060769,2049
16060593,2051
16060419,2053
16060467,2048
16060324,2050
16060286,2051
16060129,2043
16060184,2045
16060000,2056
16059952,2070
16059730,2079
16059648,2071
16059670,2043
16059467,2025
16059431,2011
16059399,2009
16059217,2017
16059094,2017
16059084,2043
16058975,2043
16058819,2055
16058698,2063
16058529,2069
16058394,2064
16058339,2048
16058182,2036
16058049,2019
16057904,1998
16057805,1985
16057648,1981
16057698,1984
16057428,1998
16057268,2021
16057163,2040
16056993,2047
16056912,2047
16056846,2044
16056546,2039
16056604,2042
16056327,2050
16056159,2053
16056040,2056
16055965,2057
16055761,2060
16055559,2063
16055364,2060
16055414,2051
16055180,2035
16054977,2023
16054881,2023
16054751,2033
16054539,2042
16054402,2050
16054227,2052
16054021,2050
16053943,2046
16053831,2040
16053657,2042
16053477,2048
16053441,2059
16053309,2066
16053171,2067
16052886,2065
16052741,2061
16052619,2051
16052447,2045
16052274,2039
16052173,2037
16052129,2035
16051926,2035
16051703,2037
16051649,2043
16051475,2048
16051362,2043
16051241,2040
16050967,2035
16050957,2031
16050791,2030
16050619,2035
16050502,2044
16050426,2051
16050256,2061
16050095,2059
16049972,2055
16049772,2047
16049627,2040
16049445,2033
16049385,2025
16049239,2022
16049099,2026
16048915,2031
16048857,2039
16048750,2047
16048579,2056
16048324,2052
16048271,2038
16048113,2030
16047920,2027
16047673,2024
16047471,2025
16047364,2032
16047168,2042
16046990,2052
16046781,2062
16046607,2067
16046495,2067
16046292,2063
16046143,2057
16045981,2041
16045805,2027
16045613,2020
16045483,2009
16045276,2002
16045097,2009
16044843,2014
16044736,2030
16044546,2044
16044335,2050
16044186,2048
16043873,2048
16043846,2059
16043642,2061
16043526,2056
16043323,2047
16043050,2045
16043001,2040
16042872,2049
16042650,2058
16042452,2060
16042135,2055
16042097,2046
16041799,2043
16041602,2044
16041472,2039
16041398,2045
16041174,2044
16040957,2039
16040766,2041
16040525,2037
16040342,2039
16040167,2036
16040004,2036
16039853,2048
16039588,2046
16039624,2045
16039454,2043
16039160,2043
16038977,2051
16038855,2041
16038695,2043
16038561,2037
16038341,2036
16038115,2042
16037957,2043
16037822,2042
16037490,2037
16037472,2035
16037139,2035
16037054,2038
16036851,2043
16036763,2046
16036590,2038
16036445,2021
16036257,2000
16036099,1990
16035930,1989
16035695,1994
16035453,1998
16035179,2000
16035098,1998
16035008,1996
16034727,2009
16034591,2020
16034382,2032
16034183,2046
16034004,2053
16033843,2053
16033689,2055
16033535,2054
16033379,2055
16033158,2055
16032982,2047
16032768,2043
16032610,2045
16032471,2045
16032195,2047
16032080,2049
16031929,2044
16031777,2043
16031588,2047
16031347,2048
16031160,2032
16031027,2028
16030852,2031
16030703,2040
16030469,2054
16030340,2064
16030064,2072
16029844,2072
16029746,2066
16029580,2053
16029381,2033
16029252,2024
16029111,2027
16028828,2045
16028585,2061
16028405,2072
16028313,2080
16028210,2075
16028053,2061
16027868,2034
16027710,2004
16027629,1966
16027459,1934
16027158,1897
16027122,1855
16026927,1814
16026761,1759
16026627,1731
16026516,1691
16026360,1666
16026093,1643
16025970,1630
16025838,1632
16025826,1648
16025606,1693
16025430,1742
16025329,1804
16025112,1881
16024957,1948
16024793,2007
16024693,2052
16024545,2077
16024352,2094
16024255,2097
16024132,2096
16023844,2090
16023769,2087
16023561,2085
16023446,2081
16023275,2080
16023057,2088
16022896,2095
16022700,2100
16022575,2106
16022344,2109
16022168,2107
16021932,2105
16021892,2101
16021759,2096
16021437,2092
16021382,2087
16021194,2085
16020958,2090
16020697,2095
16020553,2097
16020265,2097
16020055,2096
16019949,2092
16019727,2083
16019471,2082
16019275,2078
16019103,2089
16018931,2102
16018719,2105
16018529,2101
16018299,2094
16018108,2087
16017983,2086
16017757,2082
16017639,2069
16017332,2054
16017137,2050
16017029,2051
16016849,2048
16016638,2051
16016393,2063
16016047,2072
16015964,2089
16015783,2110
16015639,2117
16015387,2097
16015055,2071
16014848,2055
16014773,2050
16014472,2051
16014258,2059
16014011,2063
16013880,2065
16013552,2066
16013387,2061
16013170,2061
16012909,2071
16012811,2077
16012512,2076
16012351,2071
16012139,2061
16011851,2057
16011790,2063
16011626,2069
16011553,2081
16011356,2095
16011263,2106
16011289,2102
16011263,2089
16011315,2070
16011298,2050
16011472,2039
16011701,2036
16012047,2034
16012493,2032
16012952,2035
16013458,2036
16014075,2051
16014941,2060
16015702,2072
16016560,2081
16017647,2075
16018624,2080
16019646,2066
16020873,2061
16022132,2051
16023229,2044
16024451,2035
16025734,2034
16026971,2049
16028040,2059
16029384,2055
16030388,2055
16031538,2048
16032714,2046
16033650,2047
16034546,2048
16035499,2044
16036384,2048
16037200,2047
16037999,2041
16038608,2038
16039350,2038
16040021,2034
16040744,2029
16041273,2024
16041803,2025
16042405,2028
16042913,2028
16043468,2030
16043809,2036
16044410,2040
16044793,2042
16045334,2045
16045778,2053
16046130,2057
16046534,2061
16047026,2067
16047447,2071
16047762,2075
16048097,2075
16048444,2064
16048817,2051
16049269,2038
16049583,2029
16049957,2024
16050336,2021
16050622,2017
16050982,2025
16051324,2030
16051615,2038
16051941,2045
16052266,2057
16052593,2065
16053013,2066
16053095,2061
16053666,2055
16053858,2054
16054240,2059
16054531,2064
16054840,2064
16055046,2065
16055472,2067
16055726,2067
16055988,2071
16056363,2073
16056687,2074
16056899,2072
16057304,2059
16057502,2040
16057822,2024
16058120,2016
16058395,2018
16058590,2016
16058929,2023
16059272,2032
16059424,2037
16059842,2040
16060137,2040
16060475,2042
16060726,2044
16060966,2046
16061319,2042
16061567,2033
16061775,2020
16062029,2014
16062335,2018
16062624,2026
16062880,2037
16063080,2049
16063316,2056
16063550,2052
16063868,2054
16064131,2058
16064200,2057
16064468,2059
16064707,2056
16064979,2062
16065159,2065
16065356,2065
16065496,2065
16065707,2047
16065784,2051
16065886,2041
16066089,2045
16066294,2055
16066482,2058
16066687,2051
16066844,2037
16066914,2044
16067040,2040
16067191,2036
16067318,2041
16067449,2046
16067448,2053
16067617,2057
16067619,2064
16067792,2075
16067870,2081
16067806,2080
16067904,2080
16067769,2070
16067857,2062
16067908,2058
16067881,2055
16067873,2053
16067726,2041
16067758,2029
16067653,2024
16067524,2026
16067503,2022
16067362,2021
16067335,2027
16067216,2041
16067106,2053
16066932,2060
16066705,2058
16066614,2048
16066525,2043
16066432,2040
16066175,2043
16066205,2052
16065900,2061
16065855,2062
16065721,2061
16065635,2060
16065542,2056
16065349,2045
16065259,2036
16065119,2028
16065024,2025
16064798,2023
16064759,2027
16064655,2036
16064619,2043
16064506,2052
16064410,2064
16064289,2067
16064208,2060
16064171,2050
16064079,2037
16064032,2026
16063871,2026
16063800,2032
16063707,2047
16063607,2056
16063379,2050
16063341,2032
16063205,2015
16063154,2004
16063092,2007
16062855,2011
16062769,2015
16062667,2018
16062608,2027
16062399,2035
16062309,2044
16062128,2048
16062030,2047
16061837,2061
16061788,2074
16061795,2081
16061554,2075
16061321,2059
16061314,2043
16061107,2031
16060798,2024
16060673,2012
16060613,2003
16060489,2007
16060215,2022
16059971,2043
16059865,2059
16059680,2062
16059438,2057
16059265,2053
16059138,2043
16058924,2046
16058757,2041
16058548,2043
16058392,2056
16058235,2060
16057964,2072
16057817,2058
16057534,2054
16057364,2050
16057164,2035
16056962,2026
16056774,2007
16056461,2008
16056222,2000
16056014,1995
16055881,1998
16055556,2009
16055340,2024
16055123,2036
16054933,2051
16054708,2059
16054552,2064
16054259,2068
16054061,2065
16053900,2057
16053642,2049
16053349,2047
16053238,2044
16053040,2045
16052855,2053
16052702,2061
16052417,2059
16052151,2056
16052003,2052
16051785,2048
16051553,2045
16051335,2046
16051068,2049
16050928,2050
16050675,2053
16050575,2053
16050317,2054
16050153,2054
16050043,2057
16049726,2059
16049548,2055
16049443,2057
16049263,2062
16048985,2061
16048737,2057
16048571,2048
16048394,2044
16048153,2039
16047975,2033
16047793,2029
16047549,2031
16047334,2034
16047247,2040
16047057,2044
16046768,2046
16046554,2042
16046438,2042
16046210,2047
16046063,2060
16045849,2054
16045587,2056
16045359,2062
16045112,2063
16045010,2060
16044795,2057
16044710,2050
16044541,2045
16044235,2044
16044057,2046
16043970,2055
16043677,2058
16043525,2060
16043338,2059
16043036,2050
16043000,2038
16042832,2034
16042510,2039
16042425,2050
16042316,2063
16042042,2075
16041935,2077
16041771,2073
16041702,2066
16041401,2058
16041341,2055
16041064,2047
16041001,2051
16040836,2047
16040690,2045
16040552,2042
16040259,2038
16040118,2036
16040000,2029
16039962,2028
16039773,2020
16039612,2025
16039477,2029
16039357,2040
16039234,2053
16039022,2056
16038867,2068
16038742,2047
16038659,2028
16038514,2018
16038344,2015
16038187,2022
16038029,2020
16038096,2031
16037816,2022
16037708,2009
16037654,2001
16037422,1991
16037350,1988
16037230,1992
16037100,2013
16036943,2019
16036709,2024
16036622,2028
16036354,2038
16036218,2056
16036090,2075
16035901,2087
16035783,2096
16035669,2093
16035524,2084
16035297,2073
16035131,2063
16034943,2055
16034825,2051
16034507,2047
16034348,2040
16034259,2029
16034174,2031
16033899,2040
16033779,2047
16033507,2055
16033375,2057
16033121,2051
16032971,2047
16032831,2051
16032640,2060
16032402,2072
16032338,2084
16032107,2096
16032019,2110
16031864,2112
16031553,2092
16031441,2072
16031212,2051
16031036,2037
16030789,2035
16030602,2035
16030396,2038
16030181,2038
16030109,2026
16029895,2007
16029629,1987
16029591,1966
16029232,1939
16029145,1906
16029008,1856
16028811,1801
16028609,1747
16028296,1701
16028171,1662
16028060,1636
16027833,1633
16027769,1651
16027589,1691
16027366,1730
16027134,1786
16027049,1861
16026922,1934
16026752,2006
16026556,2065
16026375,2103
16026002,2117
16025877,2116
16025605,2105
16025584,2093
16025340,2078
16025281,2069
16025065,2065
16024910,2076
16024765,2092
16024507,2101
16024347,2106
16024174,2105
16023947,2102
16023739,2108
16023481,2114
16023315,2115
16023138,2107
16023002,2098
16022713,2086
16022556,2083
16022440,2083
16022139,2090
16021981,2099
16021757,2097
16021482,2107
16021400,2100
16021035,2102
16020821,2095
16020598,2085
16020458,2075
16020155,2083
16019971,2106
16019760,2120
16019565,2119
16019328,2124
16019102,2122
16018980,2126
16018703,2112
16018471,2105
16018227,2091
16018019,2082
16017865,2075
16017727,2071
16017546,2069
16017197,2066
16017075,2064
16016851,2065
16016592,2078
16016526,2084
16016242,2081
16016098,2073
16015867,2070
16015566,2063
16015418,2062
16015217,2073
16014989,2083
16014810,2092
16014642,2095
16014500,2090
16014295,2082
16014097,2069
16013823,2070
16013605,2071
16013590,2075
16013442,2081
16013190,2086
16012978,2087
16012877,2085
16012911,2077
16012691,2077
16012755,2085
16012712,2091
16012712,2096
16012745,2094
16012944,2093
16013121,2091
16013370,2088
16013648,2087
16014021,2080
16014502,2072
16014971,2071
16015589,2076
16016369,2075
16017126,2075
16017904,2076
16018841,2068
16019751,2067
16020860,2063
16021781,2070
16022928,2073
16024169,2075
16025232,2077
16026397,2076
16027471,2065
16028499,2054
16029655,2043
16030718,2033
16031694,2029
16032713,2038
16033689,2048
16034510,2057
16035357,2070
16036185,2077
16036953,2081
16037641,2078
16038332,2070
16038996,2059
16039644,2062
16040268,2063
16040777,2059
16041304,2065
16041894,2069
16042370,2070
16042883,2062
16043309,2062
16043765,2058
16044174,2055
16044615,2054
16045034,2044
16045412,2034
16045888,2040
16046368,2036
16046829,2050
16047019,2044
16047537,2039
16047907,2036
16048334,2045
16048640,2059
16049061,2059
16049424,2047
16049794,2044
16050038,2036
16050476,2027
16050860,2028
16051202,2027
16051540,2032
16051886,2045
16052376,2056
16052596,2063
16052919,2057
16053288,2047
16053715,2039
16053992,2032
16054248,2032
16054532,2034
16054944,2035
16055261,2041
16055541,2059
16055979,2075
16056237,2081
16056575,2073
16056756,2060
16057188,2054
16057586,2054
16057741,2053
16058101,2054
16058333,2051
16058673,2047
16058911,2046
16059164,2045
16059464,2054
16059637,2066
16059913,2071
16060315,2072
16060574,2070
16060776,2060
16060981,2046
16061374,2043
16061568,2052
16061713,2057
16061942,2059
16062203,2052
16062421,2046
16062663,2043
16062901,2036
16063130,2032
16063482,2038
16063781,2045
16063910,2054
16064164,2058
16064409,2057
16064529,2051
16064736,2043
16064995,2035
16065114,2039
16065318,2044
16065591,2045
16065793,2043
16065909,2046
16066116,2047
16066306,2049
16066468,2047
16066712,2051
16066782,2056
16066905,2059
16067102,2063
16067295,2071
16067325,2078
16067446,2081
16067593,2072
16067627,2061
16067697,2058
16067727,2057
16067722,2058
16067804,2056
16067737,2054
16067698,2045
16067605,2038
16067699,2038
16067667,2035
16067555,2040
16067459,2058
16067337,2073
16067244,2082
16067126,2074
16066910,2068
16066801,2062
16066566,2054
16066400,2036
16066223,2029
16066066,2021
16066022,2022
16065829,2029
16065594,2035
16065396,2057
16065344,2057
16065194,2056
16064856,2056
16064667,2059
16064586,2051
16064499,2046
16064328,2043
16064180,2036
16064002,2025
16063828,2021
16063737,2035
16063641,2045
16063433,2043
16063393,2047
16063335,2044
16063198,2050
16063163,2052
16063026,2058
16062859,2062
16062684,2065
16062674,2066
16062658,2062
16062450,2046
16062369,2027
16062308,2017
16062236,2012
16062157,2012
16062105,2013
16061883,2021
16061772,2024
16061738,2029
16061654,2035
16061380,2041
16061416,2039
16061338,2057
16061179,2071
16061098,2079
16060860,2080
16060723,2074
16060649,2060
16060566,2044
16060341,2036
16060172,2039
16060048,2043
16059892,2050
16059787,2053
16059635,2056
16059558,2056
16059318,2058
16059183,2056
16059063,2053
16058832,2051
16058679,2047
16058492,2038
16058349,2042
16058257,2051
16058143,2050
16057825,2037
16057652,2030
16057504,2033
16057360,2043
16057315,2058
16057137,2067
16056875,2067
16056780,2060
16056598,2046
16056390,2032
16056259,2021
16056150,2020
16055893,2018
16055803,2027
16055544,2039
16055323,2053
16055195,2050
16055013,2052
16054976,2050
16054779,2054
16054526,2059
16054408,2064
16054145,2062
16053944,2055
16053909,2041
16053727,2033
16053467,2029
16053388,2030
16053314,2038
16053124,2046
16052924,2053
16052755,2059
16052470,2064
16052395,2060
16052219,2054
16052091,2038
16051776,2013
16051564,2002
16051488,1995
16051336,2005
16051204,2020
16051012,2024
16050926,2042
16050550,2039
16050353,2038
16050334,2033
16050110,2027
16049906,2021
16049626,2011
16049488,2011
16049310,2016
16049094,2008
16049041,2015
16048812,2022
16048583,2035
16048469,2047
16048259,2056
16048207,2055
16048035,2050
16047857,2039
16047573,2031
16047475,2032
16047363,2039
16046975,2045
16046834,2051
16046707,2055
16046430,2058
16046394,2054
16046126,2044
16045942,2036
16045786,2031
16045642,2029
16045373,2028
16045271,2031
16044954,2035
16044835,2036
16044608,2040
16044454,2042
16044314,2042
16044088,2036
16043760,2025
16043733,2014
16043446,2014
16043395,2017
16043152,2028
16042939,2032
16042834,2031
16042603,2027
16042434,2017
16042407,2011
16042248,2012
16042015,2023
16041716,2037
16041649,2053
16041518,2060
16041269,2053
16041130,2043
16040998,2040
16040742,2039
16040568,2039
16040379,2039
16040199,2040
16040086,2043
16039910,2046
16039759,2036
16039540,2023
16039343,2010
16039184,1999
16038926,2000
16038868,2001
16038618,2005
16038431,2010
16038248,2013
16038024,2014
16037959,2012
16037631,2004
16037616,1998
16037396,1993
16037309,1989
16037112,1985
16036973,1978
16036781,1971
16036473,1973
16036357,1984
16036183,1999
16036076,2015
16035921,2029
16035702,2037
16035572,2052
16035386,2065
16035076,2062
16034938,2057
16034768,2048
16034694,2044
16034313,2044
16034166,2047
16034018,2041
16033904,2037
16033690,2033
16033535,2037
16033405,2046
16033105,2048
16032928,2050
16032759,2056
16032524,2062
16032353,2057
16032214,2055
16031953,2049
16031715,2048
16031479,2052
16031343,2044
16031121,2056
16031026,2053
16030833,2058
16030639,2065
16030433,2061
16030283,2055
16030151,2045
16029863,2055
16029684,2049
16029489,2028
16029382,2002
16029242,1969
16029135,1939
16028922,1916
16028727,1892
16028488,1858
16028375,1809
16028165,1757
16028049,1714
16027849,1681
16027694,1650
16027605,1632
16027413,1630
16027329,1644
16027148,1676
16026937,1725
16026858,1784
16026650,1856
16026406,1937
16026413,2003
16026236,2053
16025993,2077
16025780,2083
16025625,2084
16025539,2082
16025298,2083
16025175,2085
16024996,2085
16024841,2088
16024664,2095
16024591,2105
16024383,2112
16024156,2112
16023948,2111
16023719,2109
16023576,2107
16023450,2100
16023215,2091
16023055,2081
16022928,2076
16022738,2075
16022520,2076
16022305,2081
16022196,2088
16022080,2094
16021875,2099
16021648,2112
16021463,2122
16021278,2126
16021097,2117
16021001,2110
16020640,2109
16020480,2108
16020266,2100
16020085,2091
16019870,2087
16019835,2078
16019606,2069
16019371,2056
16019197,2052
16019049,2055
16018743,2065
16018659,2073
16018408,2079
16018263,2081
16018111,2081
16017849,2087
16017877,2082
16017658,2087
16017547,2090
16017379,2093
16017079,2089
16016774,2078
16016660,2066
16016444,2065
16016195,2054
16016194,2049
16015945,2044
16015857,2049
16015665,2058
16015262,2060
16015216,2076
16015078,2071
16014810,2078
16014674,2078
16014465,2081
16014363,2084
16014188,2083
16014057,2072
16013918,2066
16013842,2048
16013619,2054
16013581,2045
16013639,2031
16013661,2035
16013712,2042
16013836,2052
16013966,2063
16014308,2075
16014511,2077
16014939,2077
16015508,2076
16015990,2076
16016649,2080
16017420,2079
16017970,2071
16018989,2063
16019992,2055
16020807,2043
16021778,2037
16022958,2034
16023989,2036
16025048,2040
16026268,2046
16027361,2052
16028392,2054
16029524,2053
16030661,2048
16031656,2048
16032693,2054
16033569,2054
16034564,2053
16035436,2043
16036240,2041
16036997,2033
16037780,2028
16038533,2029
16039205,2032
16039844,2042
16040402,2054
16041025,2059
16041686,2054
16042103,2038
16042622,2032
16043130,2043
16043525,2057
16044029,2061
16044469,2061
16045018,2051
16045532,2042
16045779,2040
16046377,2040
16046679,2036
16047066,2033
16047483,2031
16047873,2029
16048367,2029
16048597,2028
16048927,2032
16049403,2035
16049782,2035
16050125,2029
16050542,2024
16050697,2030
16051127,2035
16051444,2039
16051738,2042
16052217,2039
16052427,2039
16052860,2034
16053141,2031
16053469,2032
16053766,2035
16054102,2032
16054450,2028
16054755,2026
16055060,2027
16055371,2028
16055631,2027
16055930,2038
16056329,2051
16056511,2059
16056802,2060
16057103,2052
16057433,2047
16057635,2038
16058007,2044
16058227,2042
16058507,2041
16058817,2040
16059214,2026
16059405,2031
16059731,2026
16060016,2032
16060157,2040
16060358,2053
16060678,2062
16061015,2064
16061220,2067
16061534,2058
16061755,2037
16062006,2027
16062287,2016
16062548,2017
16062751,2016
16063052,2019
16063162,2026
16063334,2032
16063750,2029
16063872,2026
16064108,2031
16064284,2033
16064401,2030
16064748,2024
16064958,2025
16065178,2029
16065449,2041
16065473,2052
16065705,2052
16065877,2051
16065986,2052
16066215,2051
16066381,2056
16066401,2065
16066526,2068
16066583,2068
16066752,2063
16066902,2051
16066995,2045
16067011,2048
16067014,2048
16067311,2046
16067296,2050
16067256,2049
16067350,2044
16067323,2054
16067210,2063
16067226,2071
16067131,2070
16067107,2068
16066951,2063
16066909,2053
16066861,2045
16066834,2040
16066587,2035
16066551,2034
16066299,2037
16066206,2041
16065989,2049
16065866,2051
16065624,2042
16065429,2035
16065222,2034
16065127,2039
16064946,2041
16064697,2044
16064475,2034
16064271,2030
16064101,2028
16064002,2029
16063773,2027
16063625,2031
16063431,2038
16063230,2050
16063062,2059
16063025,2056
16062801,2053
16062638,2053
16062419,2048
16062293,2044
16062154,2041
16062000,2034
16061951,2031
16061799,2027
16061652,2020
16061536,2017
16061393,2022
16061337,2030
16061200,2032
16061155,2034
16061072,2040
16060965,2045
16060849,2049
16060793,2045
16060686,2044
16060674,2033
16060534,2040
16060374,2043
16060284,2047
16060113,2044
16060068,2026
16059976,2025
16059848,2015
16059783,2011
16059659,2015
16059437,2022
16059458,2035
16059283,2038
16059133,2048
16058991,2056
16058772,2054
16058758,2047
16058663,2035
16058427,2032
16058362,2029
16058215,2027
16057985,2035
16057839,2039
16057657,2047
16057642,2053
16057436,2061
16057211,2059
16057048,2056
16057022,2055
16056857,2050
16056587,2043
16056437,2045
16056398,2050
16056355,2052
16056076,2046
16055950,2040
16055735,2031
16055658,2030
16055468,2036
16055376,2042
16055237,2042
16055002,2045
16054938,2048
16054772,2050
16054627,2052
16054428,2044
16054265,2042
16054151,2042
16053877,2045
16053778,2044
16053536,2045
16053380,2043
16053283,2035
16053093,2030
16052936,2032
16052745,2045
16052603,2061
16052355,2071
16052236,2075
16052007,2061
16052030,2037
16051884,2022
16051686,2015
16051412,2024
16051291,2038
16051038,2050
16051009,2059
16050779,2062
16050692,2059
16050358,2054
16050216,2049
16050065,2054
16049922,2062
16049709,2059
16049561,2053
16049349,2047
16049279,2042
16049044,2040
16048948,2036
16048762,2028
16048576,2028
16048341,2036
16048186,2036
16048040,2035
16047911,2036
16047605,2042
16047412,2046
16047308,2043
16047196,2044
16047023,2049
16046893,2055
16046755,2059
16046479,2063
16046369,2064
16046130,2065
16045837,2066
16045737,2065
16045561,2059
16045437,2055
16045258,2048
16045126,2039
16044915,2038
16044695,2031
16044514,2030
16044327,2032
16044262,2028
16043977,2039
16043847,2038
16043735,2045
16043494,2052
16043509,2057
16043203,2055
16043032,2048
16042916,2049
16042647,2042
16042486,2025
16042283,2019
16042159,2011
16041995,2024
16041866,2029
16041669,2030
16041478,2039
16041361,2044
16041148,2047
16040925,2053
16040851,2053
16040602,2058
16040468,2061
16040355,2064
16040144,2061
16039961,2051
16039875,2043
16039677,2038
16039569,2033
16039385,2028
16039145,2029
16038975,2025
16038690,2023
16038567,2022
16038451,2024
16038206,2021
16038024,2022
16037892,2025
16037728,2023
16037623,2020
16037285,2019
16037098,2021
16036986,2024
16036766,2028
16036545,2032
16036360,2027
16036255,2019
16036009,2015
16035844,2015
16035606,2020
16035488,2026
16035143,2023
16035020,2024
16034915,2036
16034678,2051
16034455,2058
16034313,2052
16034064,2049
16033958,2040
16033686,2040
16033522,2047
16033453,2046
16033217,2041
16033129,2038
16032931,2043
16032742,2051
16032396,2057
16032255,2061
16032070,2059
16031838,2057
16031588,2054
16031364,2060
16031237,2065
16031030,2071
16030800,2074
16030575,2068
16030397,2059
16030103,2057
16029930,2054
16029789,2048
16029680,2040
16029325,2029
16029157,2016
16029036,1997
16028774,1974
16028643,1950
16028445,1928
16028080,1907
16027914,1871
16027742,1827
16027537,1779
16027303,1728
16027055,1676
16026845,1628
16026714,1602
16026575,1596
16026357,1623
16026139,1661
16026009,1713
16025862,1780
16025524,1845
16025450,1924
16025137,1978
16024919,2031
16024811,2073
16024573,2100
16024291,2108
16024184,2106
16023976,2101
16023713,2085
16023630,2064
16023400,2058
16023297,2053
16022992,2053
16022931,2065
16022762,2085
16022520,2103
16022361,2107
16022141,2106
16021957,2107
16021800,2106
16021633,2099
16021452,2097
16021192,2093
16021115,2093
16020852,2093
16020723,2097
16020507,2099
16020381,2099
16020097,2102
16019870,2103
16019609,2105
16019457,2105
16019416,2102
16019105,2106
16018943,2107
16018870,2105
16018547,2102
16018428,2095
16018238,2081
16018053,2073
16017783,2072
16017670,2078
16017563,2085
16017194,2092
16017082,2097
16016834,2094
16016688,2085
16016536,2073
16016314,2066
16016175,2061
16016008,2065
16015779,2068
16015610,2067
16015494,2068
16015328,2064
16015112,2054
16014933,2043
16014767,2042
16014647,2053
16014440,2076
16014161,2093
16013999,2100
16013833,2095
16013630,2093
16013435,2096
16013213,2088
16013122,2079
16012987,2081
16012825,2080
16012658,2082
16012439,2076
16012318,2069
16012417,2063
16012340,2062
16012259,2059
16012238,2055
16012260,2054
16012396,2051
16012558,2057
16012643,2060
16012962,2067
16013365,2077
16013801,2081
16014279,2085
16014772,2078
16015444,2068
16016142,2057
16016974,2045
16017752,2041
16018646,2036
16019439,2037
16020566,2031
16021468,2035
16022577,2044
16023671,2044
16024663,2047
16025903,2043
16026948,2039
16028067,2039
16029022,2035
16030050,2057
16030987,2058
16032011,2057
16032839,2047
16033737,2031
16034572,2020
16035425,2022
16036231,2030
16036963,2034
16037530,2035
16038319,2043
16039007,2039
16039719,2037
16040147,2035
16040733,2040
16041292,2054
16041888,2062
16042339,2067
16042740,2061
16043258,2057
16043789,2061
16044153,2066
16044628,2052
16045137,2039
16045497,2032
16045944,2028
16046433,2030
16046768,2025
16047147,2026
16047586,2023
16047994,2023
16048474,2022
16048816,2024
16049248,2031
16049588,2041
16049954,2047
16050361,2051
16050702,2047
16051121,2042
16051499,2048
16051739,2052
16052215,2053
16052616,2052
16052982,2055
16053343,2052
16053510,2051
16053987,2045
16054213,2040
16054706,2024
16054928,2013
16055241,2017
16055653,2030
16055855,2042
16056233,2047
16056435,2050
16056840,2054
16057163,2061
16057482,2065
16057776,2063
16058120,2058
16058396,2051
16058705,2043
16059018,2039
16059252,2041
16059618,2048
16059880,2049
16060148,2043
16060482,2037
16060718,2039
16060987,2045
16061166,2052
16061565,2053
16061829,2052
16062065,2049
16062214,2048
16062569,2055
16062825,2059
16063070,2059
16063294,2053
16063499,2045
16063782,2039
16063960,2040
16064271,2043
16064509,2042
16064696,2036
16064795,2032
16065008,2024
16065178,2028
16065482,2026
16065692,2032
16065862,2036
16066039,2042
16066150,2044
16066262,2042
16066533,2031
16066556,2035
16066798,2030
16066953,2032
16067262,2033
16067258,2027
16067325,2042
16067434,2041
16067577,2042
16067720,2047
16067665,2045
16067714,2038
16067827,2032
16067924,2037
16067896,2040
16067871,2040
16067837,2046
16067744,2044
16067736,2046
16067778,2053
16067588,2057
16067496,2063
16067445,2059
16067252,2052
16067077,2042
16067081,2035
16067015,2033
16066803,2035
16066538,2041
16066500,2050
16066258,2057
16065971,2067
16065965,2073
16065712,2071
16065425,2057
16065309,2040
16065122,2027
16064887,2016
16064734,2014
16064476,2011
16064413,2016
16064227,2025
16064048,2033
16063869,2038
16063844,2035
16063514,2036
16063420,2041
16063289,2043
16063115,2045
16062823,2046
16062764,2045
16062609,2043
16062516,2040
16062425,2038
16062314,2030
16062191,2026
16062088,2028
16061944,2029
16061827,2034
16061721,2038
16061583,2041
16061463,2044
16061251,2035
16061046,2035
16061040,2032
16060866,2033
16060725,2033
16060662,2035
16060534,2035
16060354,2037
16060263,2033
16060054,2033
16059946,2038
16059714,2048
16059588,2059
16059484,2071
16059276,2074
16059198,2059
16058952,2039
16058932,2025
16058724,2020
16058511,2018
16058333,2020
16058148,2018
16058023,2013
16057841,2010
16057667,2006
16057492,2012
16057355,2025
16057110,2036
16056963,2040
16056826,2043
16056606,2045
16056430,2045
16056298,2040
16056062,2036
16055792,2040
16055574,2045
16055380,2049
16055162,2046
16055075,2039
16054923,2038
16054742,2028
16054532,2019
16054373,2016
16054037,2006
16053801,2015
16053646,2006
16053423,2014
16053085,2030
16052934,2044
16052661,2063
16052520,2082
16052329,2094
16051985,2089
16051880,2063
16051581,2040
16051288,2013
16051122,2010
16050958,2016
16050759,2024
16050591,2037
16050260,2045
16050105,2047
16049754,2043
16049667,2041
16049487,2041
16049220,2043
16048956,2046
16048690,2050
16048475,2055
16048298,2053
16048204,2052
16047948,2053
16047627,2049
16047399,2039
16047188,2037
16046907,2040
16046622,2052
16046337,2057
16046241,2063
16045903,2067
16045734,2063
16045526,2062
16045221,2062
16045046,2058
16044848,2057
16044519,2063
16044307,2069
16044021,2067
16043818,2057
16043587,2051
16043297,2043
16043015,2040
16042823,2047
16042454,2061
16042181,2067
16041966,2068
16041831,2068
16041426,2064
16041216,2053
16040934,2039
16040691,2029
16040416,2024
16040072,2020
16039841,2025
16039667,2039
16039389,2053
16039116,2064
16038962,2077
16038660,2091
16038434,2097
16038224,2096
16038029,2082
16037762,2070
16037515,2062
16037149,2051
16037019,2046
16036694,2047
16036520,2043
16036201,2032
16035929,2025
16035658,2023
16035523,2028
16035201,2040
16035028,2052
16034808,2054
16034545,2051
16034397,2057
16034219,2065
16033924,2065
16033748,2059
16033453,2044
16033209,2035
16033082,2028
16032774,2032
16032632,2042
16032388,2052
16032080,2064
16031853,2073
16031707,2089
16031587,2097
16031458,2091
16031173,2091
16031053,2086
16030766,2061
16030582,2042
16030353,2018
16030069,2012
16029947,2012
16029720,2020
16029626,2021
16029291,2007
16029189,1987
16029043,1969
16028921,1962
16028667,1969
16028382,1975
16028161,2001
16028075,2020
16027916,2037
16027662,2053
16027482,2065
16027346,2080
16027209,2085
16026986,2083
16026814,2085
16026661,2085
16026438,2082
16026210,2071
16025935,2051
16025789,2037
16025667,2030
16025510,2033
16025363,2046
16025122,2064
16024944,2083
16024832,2081
16024661,2065
16024526,2050
16024329,2035
16024065,2025
16023981,2033
16023785,2039
16023650,2046
16023391,2059
16023193,2072
16023048,2083
16022828,2095
16022534,2106
16022393,2107
16022055,2095
16021936,2071
16021691,2057
16021398,2047
16021020,2039
16020780,2021
16020385,1994
16020130,1964
16019787,1927
16019466,1887
16019069,1849
16018619,1813
16018358,1775
16017981,1733
16017654,1687
16017213,1660
16016934,1659
16016625,1669
16016282,1690
16015950,1729
16015498,1790
16015154,1863
16014987,1942
16014506,2001
16014241,2031
16013840,2038
16013567,2039
16013246,2045
16013041,2055
16012763,2074
16012492,2096
16012044,2112
16011745,2120
16011595,2116
16011353,2115
16010988,2108
16010856,2095
16010659,2091
16010379,2091
16010186,2097
16009924,2109
16009787,2118
16009604,2117
16009392,2109
16009080,2102
16008816,2101
16008753,2095
16008548,2087
16008291,2089
16008135,2099
16007920,2106
16007735,2104
16007682,2106
16007403,2102
16007308,2080
16007099,2082
16007019,2079
16006848,2085
16006714,2082
16006649,2081
16006511,2080
16006281,2080
16006162,2077
16006037,2066
16005822,2061
16005693,2081
16005633,2089
16005345,2085
16005278,2073
16005166,2080
16004985,2093
16004699,2111
16004748,2122
16004552,2098
16004262,2087
16004097,2069
16004006,2062
16003687,2059
16003642,2074
16003379,2101
16003235,2123
16003064,2131
16002875,2133
16002587,2123
16002523,2109
16002268,2090
16002001,2077
16001946,2077
16001786,2096
16001541,2098
16001494,2097
16001253,2091
16001106,2083
16000936,2071
16000810,2065
16000708,2068
16000557,2063
16000511,2069
16000442,2086
16000520,2114
16000487,2148
16000630,2182
16000813,2187
16001040,2153
16001162,2104
16001536,2067
16002084,2055
16002634,2058
16003155,2071
16003878,2098
16004591,2128
16005474,2136
16006318,2133
16007239,2135
16008205,2122
16009219,2097
16010357,2067
16011510,2037
16012622,2016
16013880,2011
16015054,2025
16016147,2053
16017282,2073
16018387,2082
16019583,2081
16020706,2084
16021602,2083
16022570,2079
16023705,2083
16024544,2087
16025457,2087
16026349,2091
16027078,2098
16027990,2103
16028730,2099
16029377,2097
16030089,2100
16030665,2097
16031346,2093
16031957,2088
16032539,2075
16033094,2051
16033698,2037
16034178,2036
16034640,2040
16035070,2051
16035608,2059
16036041,2061
16036392,2066
16036849,2053
16037236,2060
16037791,2076
16038088,2094
16038432,2091
16038910,2068
16039231,2065
16039683,2051
16039955,2047
16040355,2044
16040502,2049
16040994,2058
16041215,2054
16041459,2062
16041835,2059
16042128,2048
16042472,2040
16042614,2036
16042939,2055
16043118,2077
16043479,2113
16043667,2124
16044019,2109
16044241,2086
16044387,2069
16044783,2057
16045031,2060
16045219,2068
16045303,2079
16045525,2086
16045812,2077
16046035,2071
16046186,2077
16046520,2087
16046747,2082
16046946,2063
16046981,2053
16047231,2067
16047290,2089
16047489,2103
16047605,2113
16048002,2125
16048127,2138
16048347,2153
16048432,2139
16048630,2107
16048628,2073
16048835,2044
16048974,2034
16049050,2044
16049146,2063
16049420,2081
16049437,2094
16049582,2093
16049635,2088
16049793,2080
16049778,2075
16049994,2079
16050076,2094
16050142,2097
16050166,2087
16050279,2075
16050273,2071
16050123,2072
16050251,2075
16050295,2077
16050318,2078
16050392,2074
16050269,2082
16050278,2089
16050317,2093
16050247,2100
16050280,2099
16050248,2103
16050056,2111
16050139,2113
16050007,2110
16049958,2100
16049792,2090
16049734,2074
16049475,2068
16049322,2085
16049242,2113
16049143,2129
16048983,2113
16048777,2100
16048627,2093
16048490,2079
16048295,2065
16048096,2054
16047858,2045
16047699,2051
16047534,2064
16047297,2070
16047085,2070
16046851,2067
16046458,2069
16046171,2071
16045899,2084
16045676,2101
16045354,2097
16045085,2089
16044766,2080
16044475,2077
16044171,2083
16044092,2086
16043814,2104
16043659,2096
16043489,2099
16043070,2095
16042843,2099
16042653,2092
16042443,2078
16042246,2071
16042078,2050
16041802,2025
16041699,2028
16041565,2041
16041347,2067
16041091,2086
16041012,2100
16040844,2100
16040728,2080
16040654,2056
16040520,2045
16040349,2055
16040248,2079
16040049,2102
16039977,2095
16039752,2077
16039602,2054
16039670,2044
16039564,2049
16039351,2050
16039373,2053
16039198,2066
16039040,2078
16038931,2083
16038770,2077
16038734,2067
16038555,2060
16038486,2051
16038322,2044
16038206,2042
16038115,2045
16038028,2061
16037931,2090
16037635,2106
16037583,2108
16037534,2100
16037332,2091
16037344,2083
16037116,2073
16037046,2067
16036884,2063
16036811,2062
16036598,2054
16036560,2051
16036402,2051
16036442,2063
16036370,2082
16036242,2101
16036120,2112
16035848,2109
16035758,2092
16035684,2080
16035527,2075
16035389,2071
16035246,2061
16035159,2048
16035001,2049
16034849,2061
16034844,2084
16034634,2098
16034480,2100
16034384,2103
16034218,2114
16034079,2115
16033923,2109
16033778,2100
16033653,2082
16033476,2060
16033375,2045
16033254,2035
16033075,2031
16032899,2024
16032847,2023
16032651,2040
16032533,2057
16032393,2077
16032233,2099
16032117,2113
16031925,2113
16031894,2101
16031648,2081
16031510,2075
16031346,2082
16031168,2091
16031051,2085
16030964,2073
16030690,2055
16030583,2053
16030444,2053
16030286,2058
16030034,2069
16029951,2075
16029789,2092
16029695,2083
16029442,2072
16029280,2066
16029175,2051
16028960,2031
16028780,2021
16028690,2031
16028570,2038
16028372,2043
16028107,2057
16027952,2063
16027778,2075
16027608,2078
16027360,2076
16027163,2077
16026984,2077
16026786,2074
16026610,2073
16026357,2077
16026297,2076
16026031,2069
16025959,2057
16025788,2052
16025521,2058
16025190,2063
16025133,2060
16025013,2063
16024813,2069
16024586,2077
16024405,2081
16024258,2080
16024007,2072
16023909,2064
16023659,2059
16023461,2061
16023420,2067
16023190,2063
16022976,2049
16022844,2042
16022655,2041
16022486,2039
16022189,2036
16022158,2040
16021979,2053
16021747,2066
16021678,2075
16021448,2070
16021248,2060
16021079,2049
16020920,2040
16020926,2029
16020627,2021
16020445,2021
16020398,2024
16020244,2027
16020105,2030
16019860,2028
16019801,2027
16019513,2021
16019405,2012
16019247,2007
16019120,2003
16019022,2003
16018920,2016
16018720,2027
16018537,2028
16018501,2021
16018316,2014
16018196,2008
16018006,2008
16017967,2011
16017781,2016
16017691,2022
16017519,2029
16017334,2034
16017197,2036
16017090,2043
16016871,2051
16016732,2055
16016570,2052
16016312,2044
16016270,2045
16016196,2048
16016016,2061
16015881,2063
16015743,2058
16015523,2044
16015561,2047
16015323,2046
16015255,2049
16015184,2052
16014952,2054
16014880,2054
16014738,2045
16014594,2042
16014596,2034
16014394,2037
16014465,2041
16014223,2036
16014056,2052
16014068,2037
16013876,2031
16013720,2030
16013643,2025
16013743,2016
16013580,1999
16013482,1985
16013419,1967
16013185,1932
16013227,1905
16012994,1874
16012988,1839
16012939,1782
16012884,1730
16012844,1697
16012671,1664
16012799,1651
16012679,1657
16012798,1681
16012542,1714
16012648,1754
16012555,1802
16012448,1859
16012483,1914
16012558,1972
16012493,2026
16012470,2070
16012493,2096
16012412,2107
16012419,2109
16012526,2104
16012415,2096
16012515,2081
16012450,2070
16012550,2059
16012469,2065
16012428,2078
16012491,2091
16012521,2097
16012555,2095
16012590,2087
16012593,2087
16012570,2095
16012543,2104
16012656,2106
16012682,2100
16012630,2091
16012638,2082
16012560,2080
16012613,2083
16012785,2086
16012804,2087
16012689,2083
16012758,2077
16012661,2069
16012694,2060
16012744,2055
16012670,2058
16012751,2068
16012763,2078
16012848,2085
16012810,2089
16013015,2091
16012882,2090
16012998,2084
16013005,2079
16013064,2078
16013126,2077
16013147,2081
16013124,2085
16013095,2088
16013221,2094
16013214,2095
16013379,2093
16013201,2089
16013323,2081
16013401,2077
16013391,2075
16013417,2073
16013529,2072
16013472,2075
16013374,2078
16013393,2084
16013425,2086
16013448,2081
16013385,2074
16013300,2066
16013290,2063
16013236,2063
16013209,2067
16013074,2074
16013178,2084
16013152,2093
16013122,2087
16013112,2084
16013103,2068
16013268,2053
16013258,2043
16013365,2028
16013434,2032
16013633,2034
16013823,2044
16014063,2053
16014298,2071
16014678,2079
16015178,2084
16015681,2072
16016279,2061
16016809,2042
16017513,2035
16018244,2045
16019057,2055
16019959,2052
16020897,2050
16021847,2050
16022918,2049
16023973,2039
16025006,2038
16026092,2029
16027188,2018
16028197,2023
16029301,2038
16030350,2055
16031351,2066
16032345,2066
16033248,2064
16034167,2062
16034993,2063
16035867,2062
16036678,2068
16037381,2070
16037998,2068
16038702,2062
16039334,2059
16040013,2053
16040609,2046
16041204,2034
16041679,2024
16042208,2024
16042619,2034
16043072,2044
16043613,2046
16043950,2050
16044410,2045
16044988,2041
16045248,2036
16045643,2039
16046050,2041
16046555,2049
16046713,2051
16047114,2044
16047467,2038
16047932,2038
16048326,2037
16048576,2035
16049011,2034
16049294,2036
16049565,2039
16049917,2045
16050220,2054
16050607,2056
16050958,2051
16051369,2040
16051695,2029
16051915,2016
16052401,2012
16052686,2014
16052941,2016
16053309,2021
16053635,2029
16053995,2040
16054175,2050
16054592,2058
16054908,2063
16055232,2063
16055561,2065
16055952,2061
16056201,2059
16056521,2055
16056795,2045
16057251,2038
16057502,2036
16057910,2019
16058132,2009
16058582,2013
16058899,2024
16059142,2043
16059563,2057
16059786,2060
16060049,2049
16060394,2044
16060666,2043
16060970,2044
16061260,2037
16061608,2032
16061898,2031
16062189,2047
16062507,2065
16062768,2072
16062886,2085
16063256,2066
16063509,2048
16063666,2029
16063848,2023
16064026,2024
16064281,2032
16064382,2054
16064635,2069
16064837,2068
16065057,2067
16065144,2054
16065411,2046
16065459,2035
16065713,2028
16065667,2034
16065916,2046
16065996,2059
16066138,2069
16066243,2071
16066322,2073
16066400,2079
16066501,2082
16066583,2086
16066556,2088
16066754,2087
16066827,2083
16066961,2080
16066887,2086
16066977,2092
16066943,2088
16067058,2072
16067023,2058
16067096,2045
16066977,2035
16067106,2034
16067070,2044
16066933,2052
16066850,2064
16066773,2079
16066814,2093
16066685,2098
16066635,2093
16066503,2083
16066589,2065
16066529,2049
16066399,2046
16066222,2053
16066089,2057
16065907,2064
16065830,2071
16065846,2067
16065640,2048
16065418,2030
16065458,2013
16065280,2020
16065153,2025
16065042,2033
16065070,2050
16064926,2062
16064800,2063
16064806,2067
16064633,2071
16064538,2069
16064479,2060
16064467,2051
16064361,2040
16064372,2026
16064347,2007
16064239,1995
16064159,1994
16064136,2009
16064088,2021
16064101,2041
16064112,2051
16064120,2067
16064077,2070
16063980,2062
16064119,2059
16063950,2052
16064028,2046
16064021,2047
16063948,2053
16063970,2058
16063838,2063
16063797,2061
16063796,2049
16063851,2034
16063809,2027
16063731,2029
16063781,2034
16063792,2046
16063700,2056
16063770,2061
16063680,2045
16063734,2039
16063706,2027
16063693,2024
16063749,2030
16063609,2026
16063591,2050
16063704,2053
16063635,2063
16063643,2061
16063646,2059
16063458,2043
16063520,2029
16063592,2031
16063698,2029
16063527,2017
16063492,2019
16063551,2022
16063498,2041
16063443,2058
16063517,2069
16063430,2072
16063316,2061
16063318,2044
16063277,2030
16063320,2023
16063207,2021
16063182,2023
16063065,2029
16063052,2032
16063007,2031
16063018,2032
16063052,2032
16062900,2028
16062805,2029
16062697,2033
16062741,2040
16062692,2044
16062595,2043
16062595,2040
16062516,2040
16062493,2040
16062385,2043
16062293,2047
16062346,2045
16062150,2045
16062123,2044
16062155,2048
16062090,2058
16062026,2067
16062049,2074
16061782,2073
16061638,2065
16061399,2055
16061178,2043
16061074,2033
16060840,2024
16060790,2024
16060676,2028
16060564,2035
16060557,2041
16060466,2036
16060439,2033
16060391,2037
16060218,2042
16060043,2044
16060006,2044
16059731,2041
16059787,2043
16059546,2045
16059288,2042
16059128,2032
16059049,2023
16058944,2022
16058711,2020
16058506,2032
16058434,2047
16058237,2055
16058238,2054
16058127,2057
16058022,2057
16057860,2053
16057768,2048
16057634,2040
16057366,2037
16057207,2045
16057024,2053
16056641,2047
16056456,2043
16056192,2039
16055949,2038
16055806,2037
16055504,2040
16055303,2041
16055061,2051
16054929,2053
16054665,2050
16054530,2039
16054225,2037
